0010101000000000001001111000001000100111000100000000000010000000110000000001010000000100000000110010
1011101000000000001001011000001000100110000000000000000000000000110000000001010000010100000000110010
0010101000000000001001011000001000100110000000100000000000000000110000000001010000000101100000110010
1011101000000000011001011000001000100110000000000000000000000000110000000001010000010100000000110010
0010101000000000001001111000001000100111000100000000000000000000110000000001010000000100000000110010
0010101000000000001001011000001000100111000100000000000000000000110000000001010000000100000000110010
1011101000000000001001011000001000100110000000000000000000000000110000000001010000010100000000110010
0010101000000000001001011000001100101110000000000000000000000000110000000001010001000100000100110010
0000000100000010100110000110000001000000100010010000101000000010000001001010001000100010001000000000
0010101000000000001001011000001000100110000000100000000000000000110000000001010000000101100000110010
1011101000000000001001011000001000100110000000000010000000000000110000000001010000010100000000110010
0010101000000000001001011000001000100111000100000000000000000000110000000001010000000100000000110010
0000000111010001100000000010010000000000110010001000111000001100000001000010100000000000000001000101
1011101000000000001001011000001000100110000000000010000000000000110000000001010000010100000000110010
0010101000000000001001111000001000100111000100000000000000000000110000000001010000000100000000110010
1011101000000000001001011000001000100110000000000000000000000000110000000001010000010100000000110010
1011101000000000001001011000001000100110000000000010000000000000110000000001010000010100000000110010
0010101000000000001001011000001000100111000100000000000000000000110000000001010000000100000000110010
0010101000000000001001011000001000100110000000100000000000000000110000000001010000000101100000110010
1011101000000000001001011000001000100110000000000100000000000000110000000001010000010100000000110010
0000010100000010100110000110000001000000100010010000101000000010000001001010001000100010001000000000
1011101000000000001001011000001000100110000000000000000000000000110000000001010000010100000000110010
1011101000000000001001011000001000100110000000000010000000000000110000000001010000010100000000110010
0010101000000000001001011000001000100110000000100000000000000000110000000001010000000101100000110010
1011101000000000001001011000001000100110000000000010000000000000110000000001010000010100000000110010
1011101000000000001001011000001000100110000000000100000000000000110000000001010000010100000000110010
0010101000000000001001011000001000100110000000100000000000000000110000000001010000000101100000110010
1011101000000000001001011000001000100110000000000000000100000000110000000001010000010100000000110010
0010101000000000001001111000001000100111000100000000000000000000110000000001010000000100000000110010
1011101000100000001001011000001000100110000000000000000000000001111000000001010000010100000000110010
1011101000000000001001011000001010100110000000000000000001000000110000000001010000010100000000110010
0010101000000000001001011000001000100111000100000000000000000000110000000001010000000100000000110010
0000000110010001100000000010010000000000110010000000101000111100000001000010100000000000010001000001
1011101000000000001001011000001000100110000000000010000000000000110000000001010000010100000000110010
1011101000000000001001011000001000100110000000000010000000000000110000000001010000010100000000110010
1011101000000000001001011000001000100110000000000010000000000000110000000001010000010100000000110010
0010101000000000001001011000001000100111000100000000000000000000110000000001010000000100000000110010
0010101000000000001001011000001000100111000100000000000000000000110000000001010000000100000000110010
0010101000000000001001011000001000100111000100000000000000000000110000000001010000000100000000110010
0010101000000000001001011000001000100110000000100000000000000000110000000001010000000101100000110010
1011101000000000001001011000001000100110000000000000000000000000110000000001010100010100000000110010
0010101000000000001001011000101000100110000000100000000000000000110000000001010000000101100000110010
1011101000000000001001011000001000100110000000000010000000000000110000010001010000010100000000110010
1011101000000000001001011000001010100110000000000000000001000000110000000001010000010100000000110010
0010101000000000001001111000001000100111000100000000000000000000110000000001010000000100000000110010
1011101000000000001001011000001000100110000000000100000000000000110010000001010000010100000000110010
0010101000000000001001111000001000100111000100000000000000000000110000000001010000000100000000110010
0010101000000000001001011000001000100111000100000000000000000000110000000001010000000100000000110010
1011101000000000001001011000001000100110000000000100000000000000110000000001010000010100000000110010
1011101000000000001001011000001000100110000000000000000000000000110000000001010000010100000000110010
0000000100000010100110000110000001000000100010010000101000000010000001001010001000100010001000000000
1011101000000000001001011000001000100110000000000000000000000000110000000001010000010100000000110010
1011101000000000001001011000001000100110000000000000000000000000110000000001010000010100000000110010
0000000111010001100000000010010000000000110010001000111000001100000001000010100000000000000001000101
0010101000000000001001011000001000100110000000100000000000000000110000000001010000000101100000110010
1011101000000000001001011000001000100110000000000000000000000000110000000001010000010100000000110010
0010101000000000001001011000001000100111000100000001000000000000110000000001010000001100000010111010
1011101000000000001001011000001010100110000000000000000001000000110000000001010000010100000000110010
1011101000000000001001011000001010100110000000000000000001000000110000000001010000010100000000110010
0010101000000000001001011000001000100110000000100000000000000000110000000001010000000101100000110010
0010101000000000001001011000001000110110001000000000000000000000110100000001010000000100000000110010
1011101000000000001001011000001010100110000000000000000001000000110000000001010000010100000000110010
0010101000000000001001011000001000100111000100000000000000000000110000000001010000000100000000110010
0000000100000010100110000110000001000000100011010000101000000010000001001010001000100010001000000000
1011101000000000001001011000001000100110000000000100000000000000110000000001010000010100000000110010
1011101000000000001001011000001000100110000000000000000000000000110000000001010000010100000000110010
0010101000000000001001011001001000100111000100000000000000000000110000000001010000000100000000110010
1011101000000000001001011000001010100110000000000000000001000000110000000001010000010100000000110010
1011101000000000001001011000001010100110000000000000000001000000110000000001010000010100000000110010
1011101000000000001001011000001000100110000000000000000000000000110000000001010000010100000000110010
1011101000000000001001011000001000100110000000000000000000000000110000000001010000010100000000110010
1011101000100000001001011000001000100110000000000000000000000000110000000001010000010100000000110010
0010101000000000001001011000101000100110000000100000000000000000110000000001010000000101100000110010
0010101000000000001001011000001000100111000100000000000000000000110000000001010000000100000000110010
0010101000000000001001011000001000100111000100000000000000000000110000000001010000000100000000110010
1011101000000000001001011000001000100110000000000000000000000000110000000001010000010100000000110010
0010101000000000001001011000001000100111000100000000000000000000110000100001010000000100000000110010
1011101000000000001001011000001000100110000000000100000000000000110000000001010000010100000000110010
0010101000000000001001011000001000100111000100000000000000000000110000000001010000000100000000110010
0000000100000010100110000110000001000000100011010000101000000010000001001010001000100010001000000000
0000000111010001100000000010010000000000110010001000111000001100000001000010100000000000000001000101
0010101000001000001001011000001000110110001000000000000000000000110100000101010000000100000000110010
0000000110010001100000000010010000000000110010000000101000111100000001000010100000000000010001000001
1011101000000000001001011000001010100110000000000000000001000000110000000001010000010100000000110010
0010101000000100001001011000001000110110001000000000000000000000110100000001010010000100000000110010
1011101000000000001001011000001000100110000000000000000000000000110000000001010000010100000000110010
1011101000000000001001011000001010100110000000000000000001000000110000000001010000010100000000110010
1111101000000000001001011000001000100110000000000010000000000000110000000001010000010100000000110010
0000000100000010100110000110000001000000100010010000101000000010000001001010001000100010001000000000
0010101000000000001001011000001000110110001000000000000000000000110100000001010000000100000000110010
0010101000000000001001011000001000110110001000000000000000000000110100000001010000000100000000110010
0000000100000010100110000110000001000000100010010000101000000010000001001010001000100010001000000000
1011101000000000001001011000001000100110000000000000000000000000110000000001010000010100000000110010
0010101000000000001001011000001000100111000100000000000000000000110000000001010000000100000000110010
0000000111010001100000000010010000000000110010001000111000001100000001000010100000000000000001000101
1011101000000000001001011000001000100110000000000100000000000000110000000001010000010100000000110010
0010101000000000001001011000001000100111000100000000000000000000110000000001010000000100000000110010
1011101000000000001001011000001000100110000000000100000000000000110000000001010000010100000000110010
0000000100000010100110000110000001000000100011010000101000000010000001001010001000100010001000000000
0010101000000000001001011000001000100111000100000000000000000000110000000001010000000100000000110010