00100000000000000000000000000010001010000000001000000000000001101000000001000100001000001000000001000010100000000010000011110000000101000001000001000000000010100000011010000000000000110000000000000001000
00010000010000000010000100100000001010000000011000000000110000000000000001000100000000001000000000011000010000001000100010110000000101000001000001000000000010100000010100000000000000100000010000000000000
00100000000000000000000000000010001010000000001000000000000001101000000001101000110000110101000001000000100000000010000000110100000101000000000110000000010001000101000001000000011000100000010000000000000
00000000000000000000000001000000000000000100000000000000000000000110001111000100000000001000000000000000100000100010000000110100000101000000000001000100010001000101000001000000011000100000010000000000000
01100000000000000000000000001100000000100001000000000000000000100000000001000100000000001000000001000010100000000010000011110000000101000001000001010000000010100000011010000000000000110000000000000001000
00000000000000000000000000000010001010000100000000000000000000000100001001000100000000001000000000000000100010001000110000000010000000111000000110000000000010100000011010000000000000100010000000000000011
01100000000000000000000010001000000000100001000000000000000000100000001010101000110000110101000001000000100000000010000000110100000101000000000110000000010001000101000001000000011000100000010000000000000
00000000000100000000000000000010011010000000101000000000000000000100001001000100000000001000000001000000100000000011000000110000000101000001010001000001010001000101000001000000000000100000000011000001000
00100000000000000000000000000010001010000000001000000000000001101000000001101000110000110101000001000000100000000010000000110100000101000000000110000000010001000101000001000000011000100000010000000000000
00010000010000000010000100100000001010000000011000000000110000000000000001000100000000001000000000011000010000001000100010110000000101000001000001000000000010100000010000000000000000100010100000000000011
00000000000011000001001001000000100000000100000000000000000000000100001010101000110000110101000000011000010110001000100000000010000000111000000110000000101100100000100001000000000100000000000000000010000
01100000000000000000000000001100000000100001000000000001000000100000000001000100000000001000000001000010100000000010000011110000000101000001000001000000000010100000011010000000000000110000000000000001000
00100010000000000000000000000000000000000100000000000000000000000110001111000100000000001000000011000000100000000010000000110000001101000001000001100000000010100000010000000000000000100010000000000000011
00000100000000000000000000000010001010000100000000000000000000000100001001000100000000001000000000000000100010001000110000000010000000111000000110000000000010100101000001000000011000100000010000000000000
00100000000000000000000000000010001010000000001000000000000001101000000001101000110000110101000001000100100000000010000000110100000101000000000110000000010001000101000001000000011000100000010000000000000
00100000000000000000000000000010001010000000001000000000000001101000000001101000110000110101000001000000100000000010000000110100000101000000000110000000010001000101000001000000011000100000010000000000000
00010000010000100010000100100010001010000100000000000000000000000100001001000100000000001000000000000000100010001000100000001010000000111100000110000000100100100000100001010000000100000000000000000000000
00100000000010000001001001000000000000000100000000000000000000000110001111000100000000001000000011000000100000000010000000110000001101000001001001100000000010100000010000000000000000100010000000000000011
00100000000000000000000000001000000000110001000000000100000000100000010001000100000000001000010101000000100000000010000000110100000101000000000110000000010001000101000001000000011000100000010001000100100
00100000000000000000000000000010001010000000001000000000000001101000000001101000110000110101000001000000100000000010000000110100000101000000000110000000010001000101000001000000011000100000010000000000000
00010000010000000010000100100000000000100001000000000000000000100000000001000100000100001000000001000010100000000010000011110000000101000001000001000000000010100000011010000000000000110000000000000001000
10000000000010000001001001000000000000000100000000000000000000000110101111000100000000001000100001000000100000000010000000110010000000111001000001000000000010100000010000000011000000100000000000000000000
00000000000000000000000001000000000000000100000000000000000000000110001111000100000000001000000000000000100000100010000000110100000101000000000001000100010001000101000001000000011000100000010000000000000
01100000000000000000000000001000000000100001000000000000000000100000001010101000110000110101000001000000100000000010000000110100000101000000000110000000010010100000010000000000000010100000000000000000000
00010000010000000010000100100000001010000000011000000000110000000000000001000100000000001000000000011000010000001000100010110000000101000001000001000000000010100000010000000000000000100010100000000000011
00100000000000001100000000001000000000101001000000000000001000000110001111000100000000001000000011000000100001000010000000110000001101000001000001000000000010100000010000000000000000100010000000000000011
00000000100000000000000001000000000000000100000000000000000000000110001111000100000000001000100001000000100000000010000000110010000000111001000001000000000010100000010000000011000000100000000000000000000
00010000010000000010000100100000001010000000011000000000110000000000000001000100000000001000000000011000010000001000100010110000000101000001000001000000000010100000010100000000000000100000000000000000000
00001000000000000000000000000011001110000110000000000000000100000100001001000100000000001000000000000000100000000010000000110000001101000001000001000000000010100010010000000000000000100010000000000000011
00100000001000000000010000001000000000100001000000000000000010000100001001000100000000001000000000011000010000001000100000000010000000111000000110000000000010100000010000000000000000100000000000000000000
00000000000000000000000000000010001010000100000000000000000000000100001001000100000000001000000000000000100010001000100000000010000000111001000001000000000010100000010000000000000000100010100000000000011
00100000000000000000000000001000000000100001000000000100000000100000010001000100000000001000010101000000100000000110000000110100000101000000000110000000010001000101000001000000011001100000010001000100100
00000000000000000000000000000010001010000100000000000000000000000100001001000100000000001000000000000000100010001000100000000010000000111000000110000000000010100101000001000000100100001000000000001000000
00010000010000000010000100100000001010000000011000000000110000000000000001000100000000001000000000011000010000001000100010110000000101000001000001000000000010100000010000000000000000110000000000000001000
00010000010000000010000100100000001010000000011000010000110000000000000001000100000000001000000000011000010000001000100000110100000101000000000110000000010001000101000001001000000100001000000000001000000
01100000000000000000000000001000000000100001000000000000000000100000001010101000110000110101000001000000100000000010000000110100000101000000000110000000010010100000010000000000000010100000000000000000000
00100000000000000000000000000010001010000000001000000000000001101000000001101000110000110101000001000000100000000010000000110100000101000000000110000000010001000101000001000000011000100000010000000000000
00010000010000000010000100101000000000100001000000000000000000100000000001000100000011001000000001000001101000000010000010110000000101000001000001000000000010100000010000100000000100000000000000000000000
00000000000000000000000000000010001010000000001000000000000000100000000001000101000000001000000101100000100000000010000000110000000111000001010001000001010001010000010000100000000000100001000100000000000
10000000000010000001001001000000000000000100000000000000000000000110101111000100000000001000100001000000100000000010000000110010000000111001000001000000000010100000010000000011000000100000000000000000000
00100010000000000000000000000000000000000100000000000000000000000100001001000100000000001000000000000000100010001000100000000010000000111000000110000000000010100101000001000000000100001000000000001000000
01100000000000000000100000001100001010000000001000000000000001101000000001101000110000110101000001000000100000000010000000110100000101000000000110000000010001000101000001000000000100001000000000001000000
00100000000000000000000000000000000000000100000000100000000000000110001111000100000000001000000011000000100000000010000000110000001101000001000001100000000010100000010000000000000000100010000000000000011
00100000000000000000000000000010001010000000001000000000000001101000000001101000110000110101000001000000100000000010000000110100000101000000000110000000010001000101000001000000011000100000010000000000000
00000000000000000000000001000000000000000100000000000000000000000110001111010100000000001000000000000000100000100010000000110100000101000000000001000000000010100000010000000011000000100000000000000000000
00100000000000000000000000000000000000000100000000000000000000000110001111000100000000001000000011000000100000000010000000110000001101000001000001100000000010100000010000000000000000100010000000000000011
00010000010000000010000100100000000000100001000000000000000000100000000001000100000100001000000001000010100000000010000011110000000101000001000001000000000010100000011010000000000000110000000000000001000
10000000000010000001001001000000000000000100000000000000000000000110001111000100000000001000100001000000100000000010000000110010000000111001000001000000000010100000010000000011000000100000000000000000000
00000000000000000000000000000010001010000100000000000000000000000100001001000100000000001000000000000000100010001000100000000010100000111001000001000000000010100000010000000000000000100010100000000000011
01100000000000000000000000001000000000100001000000000000000000100000000001000100000010001000000001000000100000000010000010110000000101000001000001000000000010101000010000100000000000100001001100000000000
00100000000000000000000000000010001010000000001000000000000001101000000001101000110000110101000001000000100000000010000000110100000101000000000110000000010001000101000001000000011000100000010000000000000
01100000000000000000000000001000000000000100000000000000000000000100001001000100000000001000000000000000100000100010000000110100000101000010000001000100010001000101000001000000011000100000010000000000000
00000000000000000000000001000000000000000100000000000000000000000110001111000100000000001000000000000000100000100010000000110100000101000000000001000100010100100000100001010000000100000000000000000000000
00000000000000000000000000000010001010000100000000000000000000000100001001000100000000001000000000000000100010001000100000000010000000111001000001000000000010100000010000000000000000100010100000000000011
00010000010000000010000100100000001010000000011000000000110000000000000001000100000000001000000000011000010000001000100010110000000101000001000001000000000010100000010100000000000000100000000000000000000
00000000000000000000000000001100000000100001000000000000000000100000000001000100000000001000000001000010100000000010000011110000000101000001000001000000010001000101000001000000011000100000010000000000000
00000000000100000000000000000010011010000000101000000000000000000100001010101000110000110101000001000000100000000010000000110100000101000000000110000000010001000101000001000000011000100000010000000000000
01100000000000000000100000001100001010000000001000000000000001101000000001101000110000110101000001000000100000000010000000110100000101000000000110000000010001000101000001000000000100001000000000001000000
10000000000010000001001001000000000000000100000000000000000000000110001111000100000000001000100001000000100000000010000000110010000000111001000001000000000010100000010000000011000000100000000000000000000
10000000000010000001001001000000000000000100000000000000000000000110001111000100000000001000100001000000100000000010000000110010000000111001000001000000000010100000010000000011000000100000000000000000000
00100000000000000000000000000010001010000000001000000000000001101000000001101000110000110101000001000100100000000010000000110100000101000000000110000010010001000101000001000000011000100000010000000000000
00001000000000000000000000000011001110000110000000000000000100000100001001000100000000001010000000000000100010001000100000000010000000111000000110000000000010100101000001000000000100001000000000001000000
00010000010000000010000100100000001010000000011000000000110000000000000001000100000000001000000000011000010000001000100010110000000101000001000001000000000010100000010000000000000000100000000000000000000
00010000010000000010000100100000001010000000011010000000110000000000000001000100000000001000000000011000010000001000100010110000000101000001000001001000000010100000010000000000000000100000000000000000000
00100000000000000000000000000010001010000000001000000000000001101000000001101000110000110101000001000000100000000010000000110100000101000000000110000000010001000101000001000000000100000000000000000010000
01100000000000000000000000001000000000100001000000000000000000100000001010101000110000110101000001000000100000000010000000110100000101000000000110000000010001000101000001000000011000100000010000000000000
00100010000000000000000000000000000000000100000000000000000000000110001111000100000000001000000011000000100000000010000000110000001101000001000001100000000010100000010000000000000000100010000000000000011
01100000000000000000000000001100000000100001000000000001000000100000000001000100000000001000000001000010100000000010000111110000000101000001000001000000000010100000011010000000000000110000000000000001000
00010000010000000010000100100010001010000100000000000000000000000100001001000100000000001000000000000000100010001000100000001010000000111000000110000000100100100000010000000000000000100010000000000000011
00000000000010000001001001000000000000000100000000000000000000000110001111000100000000001000000011000000100000000010000000110000001101000001100001100000010001000101000001000000011000100000010000000000000
00100000000000000000000000000000000000000100000000100000000000000110001111000100000000001000000011000000100000000010000000110000001101000001000001100000000010100000010000000000000000100010000000000000011
00010000010000000010000100100000001010000000011000000000110000000000000001000100000000001000000000011000010000001000100010110000000101000001000001000000000010100000010000000000000000100010100000000000011
00100000000000000000000000000010001010000000001100000000000000100000000001000100000011001000000001000001101000000010000010110000000101000001000001000000000010100000010000100000000100000000000000000000000
00000000000000000000000000000010001010000100000000000000000000000100001001000100000000001000000000000000100010001000110000000010000000111000000110000000000010100101000001000000000100001000000000011000000
00010000010000000010000100100000001010000000011000010000110000000000000001000100000000001000000000011000010000001000100010110000000100111000000110000000100100100000100001000000000100000000000000000000000
00000001000100000000000000000010011010000000101000000000000000000100001010101000110000110101000001000000100000000010000000110100000101000000000110000000010001000101000001000000011000100000010000000000000
00000000000000010000000000000010011010000000101000000010000000000000000001000110000000001000000000011000010000001000100010110001010101000001000001001000000010100000010000000000000000100000000000100000000
00001000000000000000000000000011001110000110000000000000000100000100001001000100000000001000000000000000100010011000100000000010000000111000000110000000000010100101000001000000000100001000000000001000000
00100000001000000000010000011000000000100001000000001000000010010100001010101000110000110101000001000000100000000011000000110000000101000001010001000001010001000101000001000000000000100000000011000001000
00000000000010000001001001000000000001000100000000000000000000100000000001000100000000001000000000000000100000000010000000110100001101000001000001100000000010100000010000000000000000100010000000000000011
00010000010000000010000100100000001010000000011000010000110000000000000001000100000000001000000000011000010000001000100010110000000100111000000110000000100100100000100001000000000100000000000000000000000
01100000000000000000000000001000000000100001000000000000000000100000000001000100000000110101000001000000100000000010000000110100000101000000000110000000010001000101000001000000011000100000010000000000000
00100000000000000000000000000010001010000000001000000000000001101000000001101000110000110101000001000100100000000010000000110100000101000000000110000000010001000101000001000000011000100000010000000000000
00000000000000010000000000000010011010000000101000000010000000000000000001000100000000001000001000011000010000001000100000000010000000111000000110000000100100100000100001010100000100000100000000000000000
01100000000000000000000000001000000000100001000000000000000000100001000001000100000010001000000001000000100000000010000010110000000101000001000001000000000010100000010000100000000000100001000100000000000
00010000010000000010000100100000000000100001000000000000000000100000000001000100000100001000000001000010100000000010000011110000000101000001000001000000000010100000011010000000000000110000000000000001000
00000000000011000001001001000000100000000100000000000000000000000100001010101000110000110101000000011000010110001000100000000010000000111000000110000000101100100000100001000000000100000000000000000010000
00100000000000000000000000000000000000000100000000100000000000000110001111000100000000001000000011000000100000000010000000110000001101000001000001100000000010100000010000000000000000100010000000000000011
00000000000000000000000001000000000000000100000000000000000000000110001111010100000000001000000000000000100000100010000000110100000101000000000001000000000010100000010000000011000000100000000000000000000
00000000000000010000000000000010011010000000101000000010000000000000000001000100000000001000001000011000010000001000100000000010000000111000000110000000100100100000100001010100000100000100000000000000000
00000100000000000000000000000010001010000100000000000000000000000100001001000100000000001000000000000000100010001000110000000010000000111000000110000000000010100101000001000000000100001000000000001000000
10000000000010000001001001000000000000000100000000000000000000000110001111000100000000001000100001000000100000000010000000110010000000111001000001000000000010100000010000000011000000100000000000000000000
00010000010000000010000100101000000000100001000000000000000000100000000001000100000011001000000001000001101000000010001010110000000101000001000001000000000010100000010000100000000000100010100000000000011
00100000000000001100000000001000000000101001000000000000001000000110001111000100000000001000000011000000100001000010000000110000001101000001000001000000000010100000010000000000000000100010000000000000011
00100010000000000000000000000000000000000100000000000000000000000110001111000100000000001000000011000000100000000010000000110000001101000001000001100000000010100000010000000000000000100010000000000000011
00010000010000000010000100100000001010000000011001000000110000000000000001000100000000001000000000011000010000001000100010110000000101000001000001000000000010100000010000100000000100000000000000000000000
01100000000000000000000000001000000000100001000000000000000000100000001010101000110000110101000001000000100000000010000000110100000101000000000110000000010001000101000001000000011000100000010000000000000
00100000000000000000000000000010001010000000001000000000000000100000000001000100000011001000000001000001101000000010000010110000000101000001000001000000000010100000010000100000000100000000000000000000000
00000000000000000000000001000000000000000100000000000000000000000110001111000100000000001000000000000000100000100010000000110100000101000000000001000100010001000101000001000000011000100000010000000000000
01100000000000000000000000001000000000100001000000000000000000100001000001000100000010001000000001000000100000000010000010110000000101000001000001000000000010100000010000100000000000100001000100000000000
