0000011010001100101000101000000010100010001000000001000100000000011000101000100000110010001001000000000010000000000001010010000000001000101000010110000110001100101010000010000001000001000000000000100000101001010000010100010000000010000000001000000100101000001000000100100101000101
0000011010001100101000101000000010100010001000001001000100000000011000101000101000110010001001000000001010000000000001010010000000001000101000010110000110001100101010000010000001000001000000000000100000101001010000010100010000000010000000001000000100101100001000000100100101000000
0010001010000001101000001000000100000000001010000001000100100100011000100000100000100011001001100000100000000000101001010110000000001100100010000100000010001000001011000010000001000100000000000000100010001001011000010000010000000000000000011000100100000000000000001100010110000000
0010001010000010101000001000001000000000001001000101001100001000011100100000100000100011101001000000110000000000000101010011000000011100100000100100000010001010001010000010001001010000010000010001100010011001011010010000010000000000000000001000010101000000000000000100000110001000
0011001110000000101000001000000100000000001000000001010100110100011000100000100000100011001001100000100000000000100001010110000000101100100010000100000010001000001010000010000101000100000000000000100010001001011000010000010000000000000000001000100100000000000000000100000110000000
0010001010000000101000001000000000000000001001000101000100000000011000100000100000100011101001000000110000000000000101010011000100001100100000100100000010001010001110000010001001010000010100010001100010001001011010010010010000000000000000001000010101000000000000000100000110001000
0000011010001100101000001000000010100100001000000001000110000000011000101000100000100010001001000000000110000000000001010010000000001000101000000110000110001100001010000010000011100001000000000000100000101001010000010100010000000000000000001000000100101000000000000100000101000000
0010001010000000101000001000010000000000001001000101000100000000011000100000100000100011101001000100110000000000000101010011000100001100100000100100000010001010001010000010001001010000010000110011100010001001011010010000010000000000000001001100010101000000000000000100000110101000
0010001010000010101000001000001000000000001001000101001100001000011100100000100000100011101001000000110000000000000101010011000000011100100000100100000010001010001010000010001001010000010000010001100010001001011010010000010000000000000000001000010101000000000000000100000110001000
0010001011000000101000001000000000000000001001000101000100001000011000100000100000100011101001000000110000000000000101010011000000011100100000100100000010001010001010000010001001010000010000010001100010001001011110010000010000000000000000001001010101000000000000100100000110011000
0010001010000000101000001000000100000000001000000001000100100100011000100000100000100011001001100000100000000000100001010110000000001100100010000100000010001000001010000010010001000100000000000000100010001001011000010000010000000000000000011000100100010001000000000100000110000000
0000011010001100101000001000000010100000001000000001000110000000011000101000100000100010001001000000000110000000000001010010000010001000101000000110000110001100001010000010000001100001000000000000100000101001010000010100010000000000000000001000000100101000000000000100000101000000
0000011010001100101000101000000010100010001000000001000100000000011000101000100000110010001001000000000010000000000001010010000000001000101000010110000110001100101010000010000001000001000000000000100000101001010000010100010000000010000000001000000100101000001000000100100101000101
0010001010000000101000001000000100000000001000000001000100100100011000100000100000100011001001100000100000000000100001010110000000001100100010000100000010001000001010000010000001000100000000000000100010001001011000010000010000000000000000011000100100010001000000000100000110000000
0010001010000010101000001000001000000000001001000101001100001000011100100000100000100011101001000000110000000000000101010011000000011100100000100100000010001010001010000010001001010000010000010001100010001001011010010000010000000000000000001000010101000000000000000100000110001000
0010001010000000101000001000010000000000001001000101000100000000011000100000100000100011101001000000110000000000000101010011000100001100100000100100000010001010001010000010001001010000010000010011100010001001011010010000010000000000000001001100010101000000000000000100000110101000
0000011010001100101000001000000010100100001000000001000110000000011000101000100000100010001001000000000110000000000001010010000000001000101000000110000110001100001010000010000011100001000000000000100000101001010000010100010000000000000000001000000100101000000000010100000101000000
0011001110000000101000001000000100000000001000000001010100110100011000100000100000100011001001100000100000000000100001010110000000101100100010000100000010001000001010000010000101001100000000000000100010001001011000010000010000000000000000001000100100000000000000000100000110000000
0000011010001100101000001000000010100100001000000001000110000000011000101000100000100010001001000000000110000000000001010010000000001000101000000110000110001100001010000010000011100001000000000000100000101001010000010100010000000000000000001000000100101000000000000100000101000000
0000111010001100111000001010000010101000001000000001000100000000011000101000100000100010001001000000000110000000000001010010001000001000101000000110000110001100001010001010000001000001000000000000100000101001010000010101010000000000001100001000000100101000000000000100000101000000
0011001110000000101000001000000100000000001000000001010100110100011000100000100100100011001011100000100000100000100001010110000000101100100010000100000010001000001010000010000101000100000000000000100010001001011000010000110000000000000000001000100100000000000000000100000110000000
0010001010000000101000001000010000000000001001000101000100000000011000100000100000100011101001000000110000000000000101010011000100001100100000100100000010001010001010000010001001010000010000110011100010001001011010010000010000000000000001001100010101000000000000000100000110101000
0010001010000000101000001000010000000000001001000101000100000000011000100000100000100011101001000010110000000000000101010011000100001100100000100100000010001010001010000010001001010000010000010001100010001001011010010000010000000000000001001100010101000000000000000101000110101000
0010001010000000101000001000010000000000001001000101000100000000011000100000100000100011101001000000110000000000000101010011000100001100100000100100000010001010001010000010001001010000010000110011100010001001011010010000010000000000000001001100010101000000000000000100000110101000
0010001010000001101000011000000100000000001010000001000100100100011000100000100000100011001001100000100000000100101001010110000000001100100010000100000010001000001010000010000001000110000000000000100010001001011000010000010000000000000000011000100100000000000000000100010110000000
0000011010001100101000101000000010100010001000000001000100000000011000101000100000110010001001000000000010000000000001010010000000001000101000010110000110001100101010000010000001000001000000000000100000101001010000010100010000000010000000001000000100101100001000000100100101000000
0010001010000000101000001000000100000000001000000001000100100100011000100000100000100011001001100000100000000000100001010110000000001100100010000100000010001000001010000010000001000100000000000000100010001001011000010000010000000000000000011000100100000000000000000100000110000000
0010001010000010101000001000001000000000001001000101001100001000011100100000100000100011101001000000110000000000000101010011000000011100100000100100000010001010001010000010001001010000010000010001100010001001011010010000010000000000000000001000010101000000000000000100000110001000
0000011010001100101000001010000010101000001000000001000100000000011000101000100000100010001001000001000110000000000001010010000000001010101000000110001110001100001010001010000001000001000000000000100000101001010000010101010000000000000100001000000100101000000000000100000101000000
0010001010000000101000001000010000000000001001000101000100000000011000100000100000100011101001000000110000000000000101010011000100001100100000100100010011001010001010010010001001010000010000010001110010001001011010010000010000000000000000001000011101000000000000000100000110001000
0010001010000001101000001000000100000000001000000001000100100100111000100000100000100011001001100000100000000000100001010110000000001100100010000100000010001000001010000010000001000100000000000000100010001001011000010000010000000000000000011000100100000000000000000100000110000000
0000011010001100101000001000000010100100001000000001000110000000011000101000100000100010001001000000000110000000000001010010000000001000101000000110000110001100001010000010000011100001000000000000100000101001010000010100010000000000000000001000000100101000000000000100000101000000
0010001010000000101000001000010000000000001001000101000100000000011000100000100000100011101001000000110000000000000101010011000100001100100000100100000010001011001010000010001001010000010000010001100010001001011010010000010000100000000001001100010101000000000000000100000110101000
0010001010000000101000001000010000000000001001000101000100000000011000100000100000100011101001000000110000000000000101010011000100001100100000100100000010001010001010000010001001010000010000110011100010001001011010010000010000000000000001001100010101000000000000000100000110101000
0010001010000000101000001000000100000000001000000001000100100100011000100000100000100011001001100000100000000000100001010110000000001100100010000100000010001000001010000010000001000100000000000000100010001001011000011000010000000000000000011010100100000000000000000100000110000000
0000011010001100101000101000000010100010001000000001000100000000011000101000100000110010001001000000000010000000000001010010000000001000101000010110000110001100101010000010000001000001000000000000100000101001010000010100010000000010000000001000000100101000001000000100100101000101
0000011010001100101000001010000010101000001000000001000100000000011000101000100000100010001001000000000110000000000001010010000000001010101000000110001110001100001010001010000001000001000000000000100000101001010000010101010000000000000100001000000100101000000000000100000101000000
0000011010001100101000001000000010100000001000000001000110000000011000101000100000100010001001000000000110000000000001010010000010001000101000000110000110001100001010000010000001100001000000000000100000101001010000010100010000000000000000001000000100101000000000000100000101000000
0010001010000001101000001000000100000000001000000001000100100100111000100000100000100011001001100000100000000000100001010110000000001100100010000100000010001000001010000010000001000100000000000000100010001001011000010000010000000000000000011000100100000000000000000100000110000000
0000011010001100101000001000000010100100001000000001000110000000011000101000100000100010001001000000000110000000000001010010000000001000101000000110000110001100001010000010000011100001001000000000100000101001010000010100010000000000000000001000000100101000000000000100000101000000
0010001010000000101000001000010000000000001001000101000100000000011000100000100000100011111101000000110000000000000101010011000100001100100000100100010011001010001010010010001001010000010000010001110010001001011010010000010000000000000000001000011101000000000000000100000110001000
0000011010001100101000101000000010100010001000000001000100000000011000101000100000110010001001000000000010000000000001010010000000001000101000010110000110001100101010000010000001000001000000000000100000101001010000010100010000000010000000001000000100101000001000000100100101000100
0010001010000000101000001000000100000000001000000001000100100100011000100000100000100011001001100000100000000000100001010110000000001100100010000100000010001000001010000010000001000100000000000000100010001001011000011000010000000000000000011000100100000000000000000100000110000000
1000011010001100101000001010000010101000001000000001000100000000011000101000110000100010001001000000000110000000000001010010000000001010101000000110001110001100001010001010000001000001000000000000100000101001010000010101010000000000000100001000000100101000000000000100000101000000
0010001010000000101000001000000100000000001000000001000100100100011000100000100000100011001001100000100000000000100001010110000000001100100010000100000010001000001010000010000001000100000000000000100010001001011000010000010000000000000000011000100100000000000000000100000110000000
0010001010000001101000011000000100000000001010000001000100100100011000100000100000100011001001100000100000000100101001010110000000001100100010000100000010001000001010000010000001000100000000000000100010001001011000010000010000000000000000011000100100000000000000000100010110000000
0010001010100000101000001000000000000000001001000101000100001000011000100000100000100011101001000000110000000001000101010011000000011100100000100100000010001010011010000010001001010000010000010001100010001001111010010000010000000000000000001000010101000000000000000100000110001000
0010001010100000101000001000000000000000001001000101000100001000011000100000100000100011101001000000110000000001000101010011000000011100100000100100000010001010011010000010001001010000010000010001100010001001111010010000010000000000000000001000010101000000000000000100000110001000
0010001010000001101000011000000100000000001010000001000100100100011000100000100000100011001001100000100000000100101001010110000000001100100010000100000010001000001010000010000001000100000000000000100010001001011000010000010000000000000000011000100100000000000000000100010110000000
0010001010000001101000011000000100000000001010000001000100100100011000100000100000100011001001100000100000000100101001010110000000001100100010000100000010001000001010000010000001000110000000000000100010001001011000010000011000000000000000011000100100000000000010000100010110000000
0010001010000010101000001000001000000000001001000101001100001000011100100000100000100011101001000000110000000000000101010011000000011100100000100100000010001010001010000010001001010000010000010001100010001001011010010000010000000000000000001000010101000000000000000100000110001000
0010001010000000101000001000000100000000001000000001000100100100011000100000100000100011001001100000100000000000100001010110000000001100100010000100000010001000001010000010000001000100000000000000100010001001011000010000010000000000000000011000100100000000000000000100000110000000
0010001010000000101000001000000100000000001000000001000100100100011000100000100000100011001001100000100000000000100001010110000000001100100010000100000010001000001010000010000001000100000000000000100010001001011000010000010000000000000000011000100100000000000000000100000110000000
0000011010001100101000101000000010100010001000000001000100000000011000101000100000110010001001000000000010000000000001010010000000001000101000010110000110001100101010000010000001000001000000000000100000101001010000010100010000000010000000001000000100101100001000000100100101000000
0010001010000000101000001000010000000000001001000101000100000000011000100000100000100011101001000000110000000000000101010011000100001100100000100100000010001010001010000010001001010000010000010001100010001001011010010000010000100000000001001100010101000000000000000100000110101000
0010001010000000101000001000010000000000001001000101000100000000011000100000100000100011101001000000110000000000000101010011000100001100100000100100000010001010001010000010001001010000010000010001100010001001011010010000010001000000000001001100010101000000000000000100000110101000
0010001010000001101000011000000100000000001010000001000100100100011000100000100000100011001001100000100000000100101001010110000000001100100010000100000010001000001010000010000001000110000000000000100010001001011000010000010000000100000000011000100100000000000000000100010110000000
0010001010000000101000001000010000000000001001000101000100000000011000100000100000100011101001000000110000000000000101010011000100001100100000100100000010001010001010000010001001010000010000010001100010001001011010010000010000000000000001001100010101000000000000000100000110101000
0010001010000000101010001000010000000000001001000101000100000000011000100000100000100011101001001000110000000000000101010011000100001100100001100100000010001010001010000010001001010000010000010001100010001001011010010000010000000000000001001100010101000000000000000100000110001000
0010001010000010101000001000001000000000001001000101000100001000011100100000100000100011101001000000110000000000000101010011000000011100100000100100000010001010001010000010001001010000010000010001100010001001011010010000010000000000000000001000010101000000000000000100000110001000
0010001010000010101000001000001000000000001001000101001100001000011100100000100000100011101001000000110000000000000101010011000000011100100000100100000010001010001010000010001001010000010000010001100010001001011010010000010000000000000000001000010101000000000000000100000110001000
0010001010000000101000001000010000000000001001000101000100000000011000100000100000100011101001000000110000000000000101010011000100001100100000100100000010001010001010000010001001010000010000010001100010001001011010010000010000000000000001001100010101000000000000000100000110101000
0100001010001100101100001000000011100000001000100001000101000000011010101000100001100010001001000000000010000000000001110010000000001000101000000110100110101000001010000110000001000001000001000000100000101011010000010100010000010000000000001000000100101000100000000100000101000010
0010001010000000101000001000010000000000001001000101000100000000011000100000100000100011101001000000110000000000000101010011000100001100100000100100000010001010001010000010001001010000010000010001100010001001011010010000010000000000000001001100010101000000000000000100000110101000
0010001010000000101000001000010000000000001001000101000100000000011000100000100000100011101001000000110000000000000101010011000100001100100000100100000010001010001010000010001001010000010000010011100010001001011010010000010000000000000001001100010101000000000000000100000110101000
0000011010001100101000101000000010100000001000000001000100000000011000101000100000110010001001000000000010000000000001010010000000001000101000010110000110001100101010000010000001000001000000000000100000101001010000010100010100000000000000001000000100101000001000000100100101000000
0010001010000000101000001000000100000000001000000001000100100100011000100000100010100011001001100000100000000000100001010110000000001100100010000100000010001000001010000010000001000100000000000000100010001001011000010000010000000000000000011000100100000000000000000100000110000000
0000011010001100101000101000000010100010001000000001000100000000011000101000100000110010001001000000000010000000000001010010000000001000101000010110000110001100101010000010000001000001000000000000100000101001010000010100010000000010000000001000000100101000001000000100100101000100
0010001010000010101000001000001000000000001001000101000100001000011100100000100000100011101001000000110000000000000101010011100000011100100000100100000010001010001010000010001001010000010000010001100010001001011010010000010000000000000000001000010101000000000000000100000110001000
0010001010000000101000001000010000000000001001000101000100000000011000100000100000100011111101000000110000000000000101010011000100001100100000100100010011001010001010010010001001010000010000010001110010001001011010010000010000000000000000001000011101000000000000000100000110001000
0010001010000000101000001000010000000000001001000101000100000000011000100000100000100011101001000010110000000000000101010011000100001100100000100100000010001010001010000010001001010000010000010001100010001001011010010000010000000000000001001100010101000000000000000101000110101000
0010001010000000101000001000010000000000001001000101000100000000011000100000100000100011101001000000110000000000000101010011000100001100100000100100000010001010001010100010001001010000010000010001100010001001011010010000010000000000000001001100010101000000000000000100000110101000
0000011010001100101000001010000010101000001000000001000100000000011000101000100000100010001001000000000110000000000001010010000000001010101000000110001110001100001010001010000001000001000000000000100000101001010000010101010000000000000100001000000100101000000000000100000101000000
0000111010001100111000001110000010101000001000000001000100000000011000101000100000100010001001000000000110000000000001010010001000001000101000000110000110001100001010001010000001000001000000000000100000101001010000010101010000000000001100001000000100101000000000000100000101000000
0000000000010000000001000001100000010001110100010010100000000010000001000111000000001000000000010000000001011010010010001000010001000001010100001001000000000000000000000001100000000000100010000100001000000100000000000000000010001000110010100000000010000000010101000010001000000000
0010001010000010101000001000001000000000001001000101000100001000011100110000100000100011101001000000110000000000000101010011100000011100100000100100000010001010001010000010001001010000010000010001100010001001011010010000010000000000000000001000010101000000000000000100000110001000
0000011010001100101000101000000010100010001000000001000100000000011000101000100000110010001001000000000010000000000001010010000000001000101000010110000110001100101010000010000001000001000000000000100000101001010000010100010000000010000000001000000100101000001000000100100101000100
0010001010000000101000001000000100000000001000000001000100100101011000100000100000100011001001100000100000000000100001010110000000001100100010000100000010011000001010000010000001000100000000000000100010001001011000010000010000000000000000011000100100010001000000000100000110000000
0010001010000000101000001000010000000000001001000101000100000000011000100000100000100011101001000100110000000000000101010011000100001100100000100100000010001010001010000010001001010000010000110011100010001001011010010000010000000000000001001100010101000000000000000100000110101000
0010001010000001101000011000000100000000001010000001000100100100011000100000100000100011001001100000100000000100101001010110000000001100100010000100000010001000001010000010000001000110000000000000100010001001011000010000010000000001000000011000100100000000000000000100010110000000
0010001010000001101000011000000100000000001010000001000100100100011000100000100000100011001001100000100000000100101001010110000000001100100010000100000010001000001010000010000001000100000000000000100010001001011000010000010000000000000000011000100100000000000000000100010110000000
0000011010001100101000001000000010100100001000000001000110000000011000101000100000100010001001000000000110000000000001010010000000001000101000000110000110001100001010000010000011100001000000000000100000101001010000010100010000000000000000001000000100101000000000000100000101000000
0000011010001100101000001000000010100100001000000001000110000000011000101000100000100010001001000000000110000000000001010010000000001000101000000110000110001100001010000010000011100001000000000000100000101001010000010100010000000000000000001000000100101000000000000100000101000000
0010001010000000101000001000010000000000001001000101000100000000011000100000100000100011101001000000110000000000000101010011000100001100100000100100000010001010001010000010001001010000010000110011100010001001011010010000010000000000000001001100010101000000000000000100000110101000
0010001010000000101000001000000100000000001000000001000100100100011000100000100000100011001001100000100000000000100001010110000000001100100010000100000010001000001010000010000001000100000000000000100010001001011000010000010000000000000000011000100100000000000000000100000110000000
0010001010000010101000001000001000000000001001000101001100001000011100100000100000100011101001000000110000000000000101010011000000011100100000100100000010001010001010000010001001010000010000010001100010001001011010010000010000000000000000001000010101000000000000000100000110001000
0011001110000000101000001000000100000000001000000001010100110100011000100000100000100111001001100000100000000000100001010110000000101100100010000100000010001000001010000010000101000100000000000000100010001001011000010000010000000000000000001000100100000000000000000100000110000000
0000011010001100101000101000000010100010001000000001000100000000011000101000100000110010001001000000000010000000000001010010000000001000101000010110000110001100101010000010000001000001000000000000100000101001010000010100010000000010000000001000000100101100001000000100100101000000
0010001010000000101000001000000100000000001000000001000100100100011000100000100000100011001001100000100000000000100001010110000000001100100010000100000010001000001010000010000001000100000000000000100010001001011000010000010000000000000000011000100100000000000000000100000110000000
0010001010000000101000001000010000000000001001000101000100000000011000100000100000100011101001000000110000000000000101010011000100001100100000100100000010001010001010000010001001010000010000110011100010001001011010010000010000000000000001001100010101000010000000000100000110101000
0000011010001100101000001010000010101000001000000001000100000000011000101000100000100010001001000000000110000000000001010010000000001010101000000110001110001100001010001010000001000001000000000000100000101001010000010101010000000000000100001000000100101000000000000100000101000000
0010001010000000101000001000000000000000001001000101000100000000011000100000100000100011101001000000110000000000000101010011000100001100100000100100000010001010001110000010001001010000010100010001100010001001011010010010010000000000000000001000010101000000000000000100000110001000
0010001010000000101000001000010000000000001001000101000100000000011000100000100000100011101001000000110000000000000101010011000100001100100000100100000010001010001010000010001001010000010000010001100010001001011011110000010000000000000001001100010101000000000000000100000110101000
0011001110000000101000001000000100000000001000000001010100110100011000100000100000100011001001100000100000000000100001010110000000101100100010000100000010001000001010000010000101001100000000000000100010001001011000010000010000000000000000001000100100000000000000000100000110000000
0010001010000000101000001000010000000000001001000101000100000000011000100000100000100011101001000000110000000000000101010011000100001100100000100100000010001010001010000010001001010000010000010001100111001001011010010000010000000000000001001100010101000000000000000100000110101000
0000011010001100101000101000000010100000001000000001000100000000011000101000100000110010001001000000000010000000000001010010000000001000101000010110000110001100101010000010000001000001000000000000100000101001010000010100010100000000000000001000000100101000001000000100100101000000
0011001110000000101000001000000100000000001000000001010100110100011000100000100000100011001001100000100000000000100001010110000000101100100010000100000010001000001010000010000101000100000000000000100010001001011000010000010000000000000000001000100100000000000000000100000110000000
0011001110000000101000001000000100000000001000000001010100110100011000100000100000100011001001100000100000000000100001010110000000101100100010000100000010001000001010000010000101001100000000000000100010001001011000010000010000000000000000001000100100000000000000000100000110000000
0010001010000010101000001000001000000000001001000101001100001000011100100000100000100011101001000000110000000000000101010011000000011100100000100100000010001010001010000010001001010000010000011001100010001001011010010000010000000000000000001000010101000000000000000100000110001000
0010001010000000101000001000010000000000001001000101000100000000011000100000100000100011101001000000110000000000000101010011000100001100100000100100000010001010001010000010001001010000010000110011100010001001011010010000010000000000000001001100010101000000000000000100000110101000
