000001000001011000000000000000010010000000000000000000001000000000000001000100001110010010000000000000011000000000010010010110101010010000000000000010000000001101001000000000001000011100000100000000
000000000000000000000000000100000000000011000001001100000000001000000000000100000000101100100000001000001000000000010000010110101000000100001000000010000001110010000101000110010001010100100010010000
000000010000000000000100100000000000001000010100100000000000100000000001000100000000000000000000000000111000000000010000010110101010001000000000000000001100000101001101000110010001010100100010010000
000001001001000000000000000000010010100000000000000000001000100000000001000100000000000000000000000000011000000010010000010111101010010000000000000010000000000101001000000000001000011100000010110000
000000000010000101100000000001100000000000001000000000000010000000010100100000000000000000000000010000001000000000010000010110101000000100001000000010000001110010100101010110010001010100100010010000
000000000010000101100000000001100000000000001000000000000010000000010100100000000000000000000000010000001000010000010000010110101000000100011000010010000001110010000101000110010001010100100010010000
000000000010000101100000000001100000000000001000000000000010000000010100100000000000000000000000010000001000000000010000010110101000000110001000000010000001110010100101000110010001010100100010010000
000001000001011000000000000000010010000000000000000000001000000000000001000100001110010010000000000000011000000000010000010110101010010000000000000010000000000101001000000000001000011100000100000000
000000000000000000001100000000000000001000010100100000000000000100000001010100100000000010000000000000001000000000010000010110101000010000000000000010000001110010000111000110010001010100100010010000
000001000001000100100000000000000000000000001000000000000010000000010000000000000000000000000000000010000000000001000000010110101001000000000000000100100000000101001000000000001000000000000000000000
000001000001000010000000000000010010000000000000000000001000000000000001000100001010010010000000000000011000000000010101000000010000000001000000001000000001110010000101000110010001010100100001000000
000000010000000000000100000000000000001000010100100000000000000000001001000100000000000000000000000000011000101000010000010110101010000000011000000010000001110010000101000110010001010100100010010000
000000000000000000001100000000000000001000010100100000000000000000000001000100000000000000000000000000011000100000011000010110101010000000000000100000000010000101011000101001001010011100010000000010
000000000010000101100000000001100000000000001000000000000010000000010100100000000000000000000000010000001000010000010000010110101000000100011000010010000001110010000101000110010001010100100010010000
000000000000000000000100000000000000000000000000000000001000000000000001000100001110010010000000000000011000000000010000010110101010000100001000000010000001110010000101000110010101010100100010010000
000001000001000010000000000000010010000000000000000000001000000000000001000100001010010010000000000000001000100000010000010110101010000000000000100000000010000101011000101001001010011100010000000010
000001001001000000000000000000010010100000000000000000001000100000000001000100000000000000000000000000011000000010010000010111101010010000000000000010000000000101001000000000001000011100000010110000
000001000001011000000000000000010010000000000000000000001000000000000001000100001110010010000000000000011000000000010000010110101010010000000000000010000000000101001000000000001000011100000100000000
000001000001011000000000000000010010000000000000000000001000000000000001000100001010010010000000000000001000000000010000010110101000010000000000000010000001110010000111000110010001010100100010010000
000001000001000100100000000000000000000000000100100000000000000000000001000100000000000000000010000000011000100000010000010110101010000000000100100000000010000101011000101001001010011100010000000010
000000010000000000000100000000000000001000010100100000000000000000001001000100000000000000000000000000011000101000010000010110101010000000011000000010000001110010000101000110010001010100100010010000
000000010000000000000100100000000000000000001000000000000010000000010100100000000000000000000000010000001000010000010000010110101000000100011000010010000001110010000101000110010001010100100001000000
000001000001000010000000000000010010000100000000000000001000000000000001000100001010010010000000000000011000000000010101000000010000000000000000001000000000000101001000000000001001010100100010010000
000000000000000000011100000000000000001000010100100000000000000100000001010100100000000010000000000000001000000000010000010110101000010000000000000010000001110010000111000110010001010100100010010000
000000000010000101100000000001100000000000001000000000000010000000010100100000000001000000000000010000001000000000010000010110101000000100001000000010010001110010100101000110010001010100100010010000
000001001001000000000000000000010010100000000000000000001000100000000001000100000000000000000000000000011000000010010000010111101010010000000000000010000000000101001000000000001000011100000010110000
000110000010000000000000000000000001000000001010000000000001010000000010000000000000000001010000000000001100000000010100000000010000000000000000001000000000000101001000000000001000011100000000000000
000000010000000000000100100000000000000000001000000000000010000000010100100000000000000000000000010000001000010000010000010110101000000100011000010010000001110010000101000110010001010100100001000000
000001000001000010000000000000010010000000000000000000001000000000000001000101011010010010000000000000011000000000010101000000010000000000000000001000000000000101001000000001001010011100010000000010
000000000010000101100000000001100000000000001000000000000010000000010100100000000000000000000000010000001000010000010000010110101000000100011000010010000001110010000101000110010001010100100010010000
000001000001000100100000000000000000000000001000000000000010000000010000000000000000000000000000000010000000000001000000010110101001000000000000000100100000000101001000000000001000000000000000000000
000000000000000000001100000000000000001000010100100000000000000000100001000100000000000000000000000000011000100000010000010110101010100000000000100000000010000101011000101001001010011100010000000010
000001000001000010000000000000010010000000000000000000001000000000000001000100001010010010000000100000011000000000010101000000010000000000000000001000000000000101001000000000001001010100100010010000
000001001001000000000000000000010010100000000000000000001000100000000001000100000000000000000000000000011000000000010000010110101010001000000000000000001100000101001101000110010001010100100010011000
000001000001000010000000000000010010000000000000010000001000000000000001000100001010010010000000000000011000000000010101100000010000000000100000001001000001110010000101000110010001010100100010010000
000000000010000101100000000001100000000000001000000000000010000000010100100000000000000000000000010000001000010000010000010110101000000100011000010010000001110010000101000110010001010100100010010000
000001000001000010000000000000010010000000000000000000001000000000000001000100001010010010000000000000001010000000010000010110101000000100001000000010000001110010000101000110010001010100100001000000
000000010000000000000100100000000000001000010100100000000000100000000001000100000000000000000000000000111000000000010000010110101010001000000000000000001100000101001101000110010001010100100010010000
000000010000000000000100100000000000001000010100100000000000100000000001000100000000000000000000000000011000000000010000010110101010010000000000000010000000000101001000000000001000011111001000000000
000000000010000101100000000001100000000000001000000000000010000000010100100000000001000000000000010000001000000000010000010110101000000100001000000010010001110010100101000110010001010100100010010000
000000000100000000000100000010000000001000010100100000000000000000000001000100000000000000000000010000001000000000010000010110101000000100001000000010000001110010000101000110010001010100100001000000
000000000000000000000000000100000000000011000001000100000000001000000000000100000000101000100000001000001000000000010000010110101000000100001000000010000001110010000101000110010001010100100010010000
000001000001000010000000000000010010000100000000000000001000000000000001000100001010010010000000000000011000000000010101000000010000000000000000001000000000000101001000000000001001010100100010010000
000001000001000010000000000000010010000000000000000000001000000000000001000100001010010010000000000100011000000000010101000000010000000000000000001000000000000101001000000000001001010100100010010000
000000010000000000000100000000000000001000010100100001000000000001001001000100000000000000000000000000011000100000010000010110101010000000011000000010000001110010000101000110010001010100100010010000
000110000010000000000000000000000001000000001010000000000001010000000010000000000000000001010000000000001100000000010100000000010000000000000000001000000000000101001000000000001000011100000000000000
000000000010000101100000000001100000000000001000000000000010000000010100100000000000000000000000010000001000000000010000010110101000000100001000000010000001110010100101010110010001010100100010010001
000001000001000010000000000000010010000000000000000000001000000000000001000100001010010010000000000000001010000000010000010110101000000100001000000010000001110010000101000110010001010100100001000000
000000000010000101100000000001100000000000001000000000000010000000010100100000000000000000001000010000001000000100010000010110101000000100011000010010000001110010000101000110010001010100100001000000
000000000010000101100000000001100000000000001000000000000010000000010100100000000000000000000000010000001000000000010000010110101000000100001001000010000001110010100101000110010001010100100010010000
000000000010000101100000000001100000000000001000000000000010000000010100100000000000000000001000010000001000000100010000010110101000000100011000010010000001110010000101000110010001010100100001000000
000000000000000000001100000000000000001000010100100010000000000100000001010100100000000010000000000000001000000000010000010110101000010000000000000010000001110010000111000110010001010100100010010000
010100000010000000000001001000000110000000000000000000011000000100000001000100100000000010000000000000001000000000010000010110101000010000000000000010000001110010000111000110010001010100100010010000
000000000010000101100000000001100000000000001000000000000010000000010100100000000000000000000000010000001000000000010000010110101000000100001000000010000001110010100101000110010001010100100010010000
000001000001011000000000000000010010000000000000000000001000000000000001000100001110010010000000000000011000000000010000010110101010010000000000000010000000001101001000000000001000011100000100000000
000000000000000000000000000100000000000011000001001100000000001000000000000100000000101100100000001000001000000000010000010110101000000100001000000010000001110010000101000110010001010100100010010000
000001000001000010000000000000010010000000000000000000001000000000000001000100001010010010000000000000001010000000010000010110101000000100001000000010000001110010000101000110010001010100100001000000
000000000000000000001100000000000000001000010100100000000000000000100001000100000000000000000000000000011000100000010000010110101010100000000000100000000010000101011000101001001010011100010000000010
000000010000000000000100000000000000001000010100100000000000000000001001000100000000000000000000000000011000101000010000010110101010000000011000000010000001110010000101000110010001010100100010010000
000000000000000000000100000000000000001000010100100000000000000000000001000100000000000000000000000000011000100000010000010110101010000000000000100000000010000101011000101001001010011100010000000010
000000000010000101100000000001100000000000001000000000000010000000010100100000000000000000000000010000001000000000010000010110101000000100001001000010000001110010100101000110010001010100100010010000
000000010000100000000100110000000000001000010100100000000100100000000001001100000000000000000000000000111001000000110000010110101010001000000000000000001100000101001000100000101000111100000000000110
000000010000000000000100100000000000001000010100100000000000100000000001000100000000000000000000000000111000000000010000010110101010001000000000000000001100000101001101000110010001010100100010010000
000001000001000010000000000000010010000000000000000000001000000000000001000100001010010010000000000000001010000000010000010110101000000100001000000010000001110010000101000110010001010100100001000000
000001000001000010000000000000010010000000000000000000001000000000000001000100001010010010000000000000001010000000010000010110101000000100001000000010000001110010000101000110010001010100100001000000
000001000001000010000000000000010010000100000000000000001000000000000001000100001010010010000000000000011000000000010101000000010000000000000000001000000000000101001000000000001001010100100010010000
000000000010000101100000000001100000000000001000000000000010000000010100100000000000000000000000010000001000000000010000011110101000000100001000000010000001110010100101010110010001010100100010010000
000001000001000010000000000000010010000000100000000000001000000000000001000100001010010010000000000000001010000000010000010110101000000100001000000010000001110010000101000110010001010100100001000000
100000100000000000000110000000001000011000010000100000100000000000000001000110000000000000000101000000011000000000010000010110101110010000011000000010000001110010000101000110010001010100100010010000
000001000001000010000000000000010010000000000000010000001000000000000001000100001010010010000000000000011000000000010101100000010000000000100000001001000001110010000101000110010001010100100010010000
000000010000000000000100100000000000001000010100100000000000100000000001000100000000000000000000000000111000000000010000010110101010001000000000000000001100000101001101000110010001010100100010010000
000001000001011000000000000000010010000000000000000000001000000000000001000100001110010010000000000000011000000000010000010110101010010000000000000010000000001101001000000000001000011100000100000000
010100000010000000000001001000000110000000000000000000011000000100000001000100100000000010000000000000001000000000010000010110101000010000000000000010000001110010000111000110010001010100100010010000
000000000000000000001100000000000000001000010100100000000000000000000001000100000000000000000000000000011000100000010000010110101010000000000000100000000010000101011000101001001010011100010000000010
000000000000000000001100000000000000001000010100100000000000000100000001010100100000000010000000000000001000000000010000010110101000010000000000000010000001110010000111000110010001010100100010010000
000001000001000010000000000000010010000000000000000000001000000000000001000100001010010010000000100000011000000000010101000000010000000000000000001000000000000101001000000000001001010100100010010000
000000000010000101100000000001100000000000001000000000000010000000010100100000000000000000000000010000001000000000010000010110101000000100001000000010000001110010100101010110010001010100100010010000
000001000001000010000000000000010010000000000000000000001000000000000001000100001010010010000000000000001010000000010000010110101000000100001000000010000001110010000101000110010001010100100001000000
000000000000000000000100000000000000000000000000000000001000000000000001000100001110010010000000000000011000000000010000010110101010000100001000000010000001110010000101000110010101010100100010010000
000000010000000000000100100000000000001000010100100000000000100000000001000100000000000000000000000000111000000000010000010110101010001000000000000000001100000101001101000110010001010100100010010000
000000000010000101100000000001100000000000001000000000000010000000010100100000000000000000000000010000001000000000010000010110101000000100001001000010000001110010100101000110010001010100100010010000
010100000010000000000001001000000110000000000000000000011000000100000001000100100000000010000000000000001000000000010000010110101000010000000000000010000001110010000111000110010001010100100010010000
000000000000000000000100000000000000001000010100100000000000000000000001000100000000000000000000000000011000100000010000010110101010000000000000100000000010000101011000000000001001010100100010010000
000001000001010000000000000000010010000000000000000000001000000000000001000100001110010010000000000000011000000000010000010110101010010000000000000010000000000101001000000000001000011100000000000000
000000000000000000001100000000000000001000010100100000000000000000100001000100000000000000000000000000011000100000010000010110101010100000000000100000000010000101011000101001001010011100010000000010
001000000000000000001100000000000000001000010100100000000000000000000001000100000000000000000000000000011000100000010000010110101010000000000000100000000010000101011000101001001010011100010000000010
000001000001000010000000000000010010000000000000000000001000000000000001000101011010010010000000000000011000000000010101000000010000000000000000001000000000000101001000000001001010011100010000000010
000001000001000010000000000000010010000000000000000000001000000000000001000100001010010010000000000000001000100000010000010110101010000000000000100000000010000101011000101001001010011100010000000010
000001000001010000000000000000010010000000000000000000001000000010000001000100001110010010000000000000011000000000010000010110101010010000000000000010000000000101001000000000001000011100000000000000
000001000001000010000000000000010010000000000000000000001000000000000001000100001010010010000000000000001010000000010000010110101000000100001010000010000001110010000101000110010001010100100001000000
000001000001000010000000000000010010000000000000000000001000000000000001000100001010010010000000000000001010000000010000010110101000000100001000000010000001110010000101000110010001010100100001000000
000001000001000100100000000000000000000000001000000000000010000000010000000000000000000000000000000010000000000001000000010110101001000000000000000100100000000101001000000000001000000000000000000000
000000000010000101100000000001100000000000001000000000000010000000010100100000000000000000000000010000001000010000010000010110101000000100011000010010000001110010000101000110010001010100100010010000
000001000001011000000000000000010010000000000000000000001000000000000001000100001110010010000000000000011000000000010010010110101010010000000000000010000000001101001000000000001000011100000100000000
000000010000000000000100100000000000001000010100100000000000100000000001000100000000000000000000000000011000000000010000010110101010010000000000000010000000000101001000000000001000011111001000000000
000000010000000000000100100000000000001000010100100000000000100000000001000100000000000000000000000000011000000000010000010110101010010000000000000010000000000101001000000000001000011111001000000000
000000000010000101100000000001100000000000001000000000000010000000010100100000000000000000000000010000001000000000010000010110101000000100001000000010000001110010100101000110010001010100100010010000
000001000001000010000000000000010010000000000000000000001000000000000001000100001010010010000000000001011000000000010101000000010000000000000000000010000001110010000101000110010001010100100010010000
000000000010000101100000000001100000000000001000000000000010000000010100100000000000000000000000010000001000000000010000010110101000000100001000000010000001110010100101010110010001010100100010010000
000001000001000100100000000000000000000000001000000000000010000000010000000000000000000000000000000010000000000001000000010110101001000000000000000100100000000101001000000000001000000000000000000000
