ms 100 1 -t 40 -r 1  [3.2rc Build:162]
0x9705d3e7852bd350

//
segsites: 148
positions: 0.00092 0.01134 0.02447 0.02674 0.02677 0.02831 0.03229 0.04214 0.04579 0.04779 0.04988 0.06123 0.06222 0.06317 0.06838 0.09075 0.09523 0.09891 0.11494 0.12085 0.12112 0.12921 0.13334 0.14232 0.15901 0.16064 0.16131 0.16719 0.17830 0.17842 0.18378 0.18833 0.18851 0.19195 0.19297 0.20144 0.20589 0.20714 0.20768 0.20815 0.20831 0.21617 0.22837 0.24575 0.24578 0.24674 0.24826 0.24958 0.26035 0.26099 0.26501 0.27540 0.27991 0.29608 0.30998 0.33196 0.33575 0.34579 0.36577 0.37130 0.37458 0.37641 0.38136 0.38247 0.38337 0.39010 0.39332 0.40490 0.43297 0.43947 0.44330 0.46004 0.46340 0.47549 0.48591 0.48665 0.49042 0.49415 0.49453 0.49854 0.50347 0.51204 0.52748 0.53065 0.53719 0.54087 0.55367 0.55672 0.56675 0.57606 0.58031 0.60197 0.60913 0.61461 0.61667 0.62652 0.62860 0.63074 0.63177 0.63427 0.63650 0.65145 0.65707 0.66467 0.67228 0.67332 0.67376 0.68323 0.68427 0.68633 0.70017 0.71605 0.72986 0.73568 0.73616 0.74148 0.74439 0.75804 0.76681 0.77010 0.77159 0.77270 0.78021 0.78774 0.78889 0.79251 0.80923 0.82454 0.82700 0.82868 0.84845 0.84913 0.86853 0.88848 0.88870 0.89474 0.89562 0.92975 0.93338 0.93380 0.93805 0.93943 0.94297 0.95866 0.97439 0.97876 0.98623 0.98822 
0000000000000000000000010000001000010010000000010000000000001100000000100000000010000100000001110000000000010000000000000001000000010001000000000001
0100000000000001000010000000100010000000000100000001100000000001000000000100000000000000001000010101000010000000001000001000000100000001000000000000
0000100000000000010000000000010000010000000000010100000000000000000000100000000000000100010000010010000000000000000000000011000000010001000000000110
0000000000001000000001000000000000001001000000000000010000000000000000000010000000001001100000000000000100001010000001010000001000001110100111000000
0000000000000000000000000000000100010000000000010000000100000000000000100000000000000100000000010000100000000000000000000001000000010001000000000110
0001000001000000000000010000001000010010000000010000000000101010000000100000000010000100000011110000000000010000000000000001000000010001000000000001
0000000000000000000000010010001000010010100000010000001000001000000000100000000010000100000001110000000000010000000000000001000000010001000000000001
0000000000000000001000000000001000010000000000110000000000001000000000100000000010000100000000110000000000010000000000000001000000010001000000001001
0000000000000000000000000000000100010000000000010000000100000000000000100000000000000100000000010000100000000000000000000001000000010001000000000110
0000000010000000000000010000001000010010000000010000000000001000000000100000000010000100000001110000000000010000000010000001100010010001000000000001
0000100000000000000000100000000000010000000000010100000000000000000000100000000000000100010000010010000000000000000000000011000000010001000000000110
0000000000000000000000010000001000010010100000010000001000001000000100100000000010000100000001110000000000010000000000000001000000010001000000000001
0000100000000000000000000000010000010000000000010100000000000000000000100000000000000100010000010010000000000000000000000111000000010001000000000110
0000000000000000001000000000001000010000000000110000000000001000000000100000000010000100000000110000000000010000000000000001000000010001000000001001
0000000000000000000000010000001000010010100000010010001000001000000000100000000010000100000001110000000000010000000000000001000000010001000000000001
0000100000000000000000000000000000010000000000010100000000000000000000100000000000000100010000010010000000000000000000000011000000010001000000000110
1000000000000000100000000000000000001000000000001000000000010000000011000000000000100001100000000000000001001100000100010000001000001100000001100000
0000100000100000000000000000000000010000001000010100000000000000000000100000000000000100010000010010000000000000000000000011000000010001000000000110
0000100000000000000000100000000000010000000000010100000000000000000000100000000000000100010000010010000000000000000000000011000000010001000000000110
0000100000000000000000000000000000010000001000010100000000000000000000100000000000000100010000010010000000000000000000000011000000010001000000000110
0000100000000000000000100000000000010000000000010100000000000000000000100000000000000100010000010010000000000000000000000011000000010001000000000110
0100000000000001000010000000100010000000000100000001100000000001000000000100000000000000001000010101001010000000001000001000000100000001000000000000
0000000000000000001000000000001000010000000000110000000000001000000000100000000010000100000000110000000000010000000000000001000000010001000000001001
0000000000000000000000000000000000001000000000000000000000000000000000000010010000000001100000000000000000001000000001010000001000001100000001010000
0000000000000000000000010000001000010010000001010000000000001100000000100000000010000100000001110000000000010000000000000001000000010001000000000001
0100000000000001000010000000100010000000000100000001100000000001000000000100000000000000001000010101001010000000001000001000000100000001000000000000
0000000000000000000000010000001000010010000000010000000000001100000000100000000010000100000001110000000000010000000000000001000000010001000000000001
0000000000000000000000010000001000010010100000010000001000001000000100100000000010000100000001110000000000010000000000000001000000010001000000000001
0100000000000001000010000000100010000000000100000001100000000001000000000100000000000000001000010101000010100000001000001000000100000001000000000000
1000000000000000100000000000000000001000000000001000000000000000000011000000000000100001100000000000000001001100000100010000001000001100000001100000
0000000000001000000001000000000000001000000000000000010000000000000000000010000000001001100000000000000100001010000001010000001000001110100111000000
0000000000000000000000010000001000010010100000010000001000001000000100100000000010000100000001110000000000010000000000000001000000010001000000000001
0000000000000000000000000000000000010000000000010000000000000000000000100000000000000100000100010000000000000000000000000001000000010001000000000001
0100000000000001000010000000100010000000000100000001100000000001000000000100000000000000001000010101001010000000001000001000000100000001000000000000
1000000000000000100000000000000000001000000000001000000000000000000011000000000000100001100000000000000001001100000100010000001000001100000001000000
0100000000000001000010000000100010000000000100000001100000000001000000000100000000000000001000010101000010000000001000101000000100000001000000000000
0000000000000000000000010000001000010010000001010000000000001100000000100000000010000100000001110000000000010000000000000001000000010001000000000001
1000000000010010100000000000000001001000000000001000000000000000000001000000001000100001100000000000000001001100010100010000001000001100000001000000
0000000000000000000000010000001000010010000000010000000000001100000000100000000010000100000001110000000000010000000000000001000000010001000000000001
0000000000000000000000010000001000010010000000010000000000001100000000100000000010000100000001110000000000010000000000000001000000010001000000000001
0000000000000000000000000000000000001000000000000000000000000000100000000010010000000001100000000000000000001000000001010000001000001100000001010000
0000100000000000000000100000000000010100000000010100000000000000000000100000000000000100010000010010000000000000000000000011000000010001000000000110
0000000000000000000000000000000000001000000000000000000000000000000000000010010000000001100000000000000000001000000001010000001000001100000001010000
0100000000000001000010000000100010000000000100000001100000000001000000000100000000000000001000010101000010000000001000001000000101000001000000000000
0000000000000000001000000000001000010000000000110000000000001000000000100000000010000100000000110000000000010000000000000001000000010001000000001001
0000000000000100001000000000001000010000000000110000000000001000000000100000000010000100000000110000000000010000000000000001000000010001000000001001
0000000000000000001000000000001000010000000010110000000000001000000000100000000010000100000000110000000000010000000000000001000000010001000000001001
0100000000000001000010000000100010000000000100000001100010000001000000000100000000000000001000010101000010000000001000001000000100000001000000000000
0000100000000000000000000000000000010000000000010100000000000000000000100000100000000100010000010010000000000000000000000011000000010001000000000110
0000000000000000000000010010001000010010100000010000001000001000000000100000000010000100000001110000000000010000000000000001000000010001000000000001
0000100000000000000000100000000000010000000000010100000000000000000000100000000000000100010000010010000000000000000000000011000000010001000000000110
0000000000000000000000010000001000010010000000010000000000001000000000100000000010000100000011110000000000010001100000000001000000010001000000000001
0000100000000000000000000000000000010000000000010100000000000000000000100000000000010100010000010010000000000000000000000001000000010001000000000110
1000000000000000100000000000000000001000000000001000000000000000000011000000000000100001100000000000000001001100000100010000001000001100000001000000
0000000000000000000000000000000000010000000000010000000000000000000000100000000000000100000000010000000000000000000000000001000000010001000000000110
0100000000000001000010000000100010000000000100000001100000000001000000000100000000000000001000010101000010000000001000001000000100000001000000000000
0000100000000000000000000000000000010000001000010100000000000000000000100000000000000100010000010010000000010001100000000001000000010001000000000001
0000000000000000000000000000000000010000000000010000000000000000000000100000000000000100000000010000000000000000000000000001000000010001000000000110
0100000000000001000010000000100010000000000100000001100000000001000000000100000000000000001000010101000010000000001000001000000100000001000000000000
0000000000000000000000010000001000010010100000010000001000001000000100100000000010000100000001110000000000010000000000000001000000010001000000000001
0000011000000000000100001001000000110000000000010000000000000000000000110000000001000100000000010010000000000000000000000001000000010001000000000110
0000000000000000000000010000001000010010100000010000001000001000000100100000000010000100000001110000000000010000000000000001000000010001000000000001
0000100000000000000000100000000000010000000000010100000000000000000000100000000000000100010000010010000000000000000000000011000000010001000000000110
0000000000000000000000010000001000010010000000010000000000001100000000100000000010000100000001110000000000010000000000000001000000010001000000000001
0100000000000001000010000000100010000000000100000001100000000001000000000100000000000000001000010101001010000000001000001000000100000001000000000000
0000100000000000000000100000000000010000000000010100000000000000000000100000000000000100010000010010000000000000000000000011000000010001000000000110
0000000000001000000001000000000000001000000000000000010000000000000000000010000000001001100000000000000100001010000001010000001000001110100111000000
0100000000000001000010000000100010000000000100000001100000000001000000000100000000000000001000010101000010100000001000001000000100000001000000000000
0000000000001000000001000000000000001000000000000000010000000000000000000010000000001001100000000000000100001010000001010000001000001110100111000000
0100000000000001000010000000100010000000000100000001100000000001000000000100000000000000001000010101000010000000001000001000000100000001000000000000
0000000000000000000000010000001000010010000000010000000000001100000000100000000010000100000001110000000000010000000000000001000000010001000000000001
0000000000000000001000000000001000010000000000110000000000001000000000100000000010000100000000110000000000010000000000000001000000010001000000001001
0000000000000000000000010000001000010010000000010000000000001100000000100000000010000100000001110000000000010000000000000001000000010001000000000001
0001000001000000000000010000001000010010000000010000000000101000000000100000000010000100000011110000000000010000000000000001000000010001000000000001
0000000000000000001000000000001000010000000000110000000000001000000000100000000010000100000000110000000000010000000000000001000000010001000000001001
0000100000000000000000100000000000010000000000010100000000000000000000100000000000000100010000010010000000000000000000000011000000010001000000000110
0000100000000000000000000000000000010000000000010100000000000000000000100000000000010100010000010010000000000000000000000001000000010001000000000110
0000000100000000000000000100000000010000010000010000000000000000000000100000000000000100000000010000000000000000000000000001000000110001001000000110
0100000000000001000010000000100010000000000100000001100000000001000000000100000000000000001000010101000010000000001000001000000100000001000000000000
0000000000000001000010000000100000000000000100000001100000000001000000000100000100000010000000010101000010000000001000001000000100000001000000000000
0010000000000000000000000000000100010000000000010000000000000000000000100000000000000100000000010000000000000000000000000001000000010001000000000110
0000100000000000000000000000000000010000001000010100000000000000000000100000000000000100010000010010000000000000000000000011000000010001000000000110
0000000000001000000001000000000000001000000000000000010000000000000000000010000000001001100000000000000100001010000001010000001000001110100111000000
0010000000000000000000000000000100010000000000010000000000000000000000100000000000000100000000010000000000000000000000000001000000010001000000000110
0000000000000000000000010000001000010010100000010010001001001000000000100001000010000100000001110000000000010000000000000001000000010001000000000001
0000100000000000000000100000000000010000000000010100000000000000010000100000000000000100010000010010000000000000000000000011010000010001000000000110
0000100000000000000000000000010000010000000000010100000000000000000000100000000000000100010000010010000000000000000000000011000000010001000000000110
1000000000000000100000000000000000001000000000001000000000000000000011000000000000100001100000000000000001001100000100010000001000001100000001000000
0000000010000000000000010000001000010010000000010000000000001000000000100000000010000100000001110000000000010000000010000001100000010001000000000001
1000000000010010100000000000000001001000000000001000000000000000000001000000001000100001100000000000010001001100010100010000001000001100010001000000
0000000000000000000000010000001000010010000000010000000000101000001000100000000010000100000011110000000000010000000000000001000000010001000000000001
0000000000000000000000000000000000010000000000010000000000000000000000101000000000000100000000010000000000000000000000000001000000010001000000000110
0100000000000001000010000000100010000000000100000001100000000001000000000100000000000000001000010101000010000000001000001000000100000001000000000000
0000000000000000000000000000000000010000000000010000000000000000000000101000000000000100000000010000000000000000000000000001000000010001000000000110
0100000000000001000010000000100010000000000100000001100000000001000000000100000000000000001000010101000010000000001000001000000100000001000000000000
0000100000000000000000000000000000010000000000010100000000000000000000100000000000010100010000010010000000000000000000000001000000010001000000000110
0000000000000000000000000000000000001000000000000000000000000000000000000010010000000001100000001000000000001000000001010000001000001100000001010000
0000100000000000010000000000010000010000000000010100000000000000000000100000000000000100010000010010000000000000000000000011000000010001000000000110
0000000000000000000000010000001000010010000000010000000000001100000000100000000010000100000001110000000000010000000000000001000000010001000000000001
0100000000000001000010000000100010000000000100000001100000000001000000000100000000000000001000010101000010000000001000001000000100000001000000000000

