0000000000000000000000010000001000010010000000010000000000001100000000100000000010000100000001110000000000010000000000000001000000010001000000000001
0100000000000001000010000000100010000000000100000001100000000001000000000100000000000000001000010101000010000000001000001000000100000001000000000000
0000100000000000010000000000010000010000000000010100000000000000000000100000000000000100010000010010000000000000000000000011000000010001000000000110
0000000000001000000001000000000000001001000000000000010000000000000000000010000000001001100000000000000100001010000001010000001000001110100111000000
0000000000000000000000000000000100010000000000010000000100000000000000100000000000000100000000010000100000000000000000000001000000010001000000000110
0001000001000000000000010000001000010010000000010000000000101010000000100000000010000100000011110000000000010000000000000001000000010001000000000001
0000000000000000000000010010001000010010100000010000001000001000000000100000000010000100000001110000000000010000000000000001000000010001000000000001
0000000000000000001000000000001000010000000000110000000000001000000000100000000010000100000000110000000000010000000000000001000000010001000000001001
0000000000000000000000000000000100010000000000010000000100000000000000100000000000000100000000010000100000000000000000000001000000010001000000000110
0000000010000000000000010000001000010010000000010000000000001000000000100000000010000100000001110000000000010000000010000001100010010001000000000001
0000100000000000000000100000000000010000000000010100000000000000000000100000000000000100010000010010000000000000000000000011000000010001000000000110
0000000000000000000000010000001000010010100000010000001000001000000100100000000010000100000001110000000000010000000000000001000000010001000000000001
0000100000000000000000000000010000010000000000010100000000000000000000100000000000000100010000010010000000000000000000000111000000010001000000000110
0000000000000000001000000000001000010000000000110000000000001000000000100000000010000100000000110000000000010000000000000001000000010001000000001001
0000000000000000000000010000001000010010100000010010001000001000000000100000000010000100000001110000000000010000000000000001000000010001000000000001
0000100000000000000000000000000000010000000000010100000000000000000000100000000000000100010000010010000000000000000000000011000000010001000000000110
1000000000000000100000000000000000001000000000001000000000010000000011000000000000100001100000000000000001001100000100010000001000001100000001100000
0000100000100000000000000000000000010000001000010100000000000000000000100000000000000100010000010010000000000000000000000011000000010001000000000110
0000100000000000000000100000000000010000000000010100000000000000000000100000000000000100010000010010000000000000000000000011000000010001000000000110
0000100000000000000000000000000000010000001000010100000000000000000000100000000000000100010000010010000000000000000000000011000000010001000000000110
0000100000000000000000100000000000010000000000010100000000000000000000100000000000000100010000010010000000000000000000000011000000010001000000000110
0100000000000001000010000000100010000000000100000001100000000001000000000100000000000000001000010101001010000000001000001000000100000001000000000000
0000000000000000001000000000001000010000000000110000000000001000000000100000000010000100000000110000000000010000000000000001000000010001000000001001
0000000000000000000000000000000000001000000000000000000000000000000000000010010000000001100000000000000000001000000001010000001000001100000001010000
0000000000000000000000010000001000010010000001010000000000001100000000100000000010000100000001110000000000010000000000000001000000010001000000000001
0100000000000001000010000000100010000000000100000001100000000001000000000100000000000000001000010101001010000000001000001000000100000001000000000000
0000000000000000000000010000001000010010000000010000000000001100000000100000000010000100000001110000000000010000000000000001000000010001000000000001
0000000000000000000000010000001000010010100000010000001000001000000100100000000010000100000001110000000000010000000000000001000000010001000000000001
0100000000000001000010000000100010000000000100000001100000000001000000000100000000000000001000010101000010100000001000001000000100000001000000000000
1000000000000000100000000000000000001000000000001000000000000000000011000000000000100001100000000000000001001100000100010000001000001100000001100000
0000000000001000000001000000000000001000000000000000010000000000000000000010000000001001100000000000000100001010000001010000001000001110100111000000
0000000000000000000000010000001000010010100000010000001000001000000100100000000010000100000001110000000000010000000000000001000000010001000000000001
0000000000000000000000000000000000010000000000010000000000000000000000100000000000000100000100010000000000000000000000000001000000010001000000000001
0100000000000001000010000000100010000000000100000001100000000001000000000100000000000000001000010101001010000000001000001000000100000001000000000000
1000000000000000100000000000000000001000000000001000000000000000000011000000000000100001100000000000000001001100000100010000001000001100000001000000
0100000000000001000010000000100010000000000100000001100000000001000000000100000000000000001000010101000010000000001000101000000100000001000000000000
0000000000000000000000010000001000010010000001010000000000001100000000100000000010000100000001110000000000010000000000000001000000010001000000000001
1000000000010010100000000000000001001000000000001000000000000000000001000000001000100001100000000000000001001100010100010000001000001100000001000000
0000000000000000000000010000001000010010000000010000000000001100000000100000000010000100000001110000000000010000000000000001000000010001000000000001
0000000000000000000000010000001000010010000000010000000000001100000000100000000010000100000001110000000000010000000000000001000000010001000000000001
0000000000000000000000000000000000001000000000000000000000000000100000000010010000000001100000000000000000001000000001010000001000001100000001010000
0000100000000000000000100000000000010100000000010100000000000000000000100000000000000100010000010010000000000000000000000011000000010001000000000110
0000000000000000000000000000000000001000000000000000000000000000000000000010010000000001100000000000000000001000000001010000001000001100000001010000
0100000000000001000010000000100010000000000100000001100000000001000000000100000000000000001000010101000010000000001000001000000101000001000000000000
0000000000000000001000000000001000010000000000110000000000001000000000100000000010000100000000110000000000010000000000000001000000010001000000001001
0000000000000100001000000000001000010000000000110000000000001000000000100000000010000100000000110000000000010000000000000001000000010001000000001001
0000000000000000001000000000001000010000000010110000000000001000000000100000000010000100000000110000000000010000000000000001000000010001000000001001
0100000000000001000010000000100010000000000100000001100010000001000000000100000000000000001000010101000010000000001000001000000100000001000000000000
0000100000000000000000000000000000010000000000010100000000000000000000100000100000000100010000010010000000000000000000000011000000010001000000000110
0000000000000000000000010010001000010010100000010000001000001000000000100000000010000100000001110000000000010000000000000001000000010001000000000001
0000100000000000000000100000000000010000000000010100000000000000000000100000000000000100010000010010000000000000000000000011000000010001000000000110
0000000000000000000000010000001000010010000000010000000000001000000000100000000010000100000011110000000000010001100000000001000000010001000000000001
0000100000000000000000000000000000010000000000010100000000000000000000100000000000010100010000010010000000000000000000000001000000010001000000000110
1000000000000000100000000000000000001000000000001000000000000000000011000000000000100001100000000000000001001100000100010000001000001100000001000000
0000000000000000000000000000000000010000000000010000000000000000000000100000000000000100000000010000000000000000000000000001000000010001000000000110
0100000000000001000010000000100010000000000100000001100000000001000000000100000000000000001000010101000010000000001000001000000100000001000000000000
0000100000000000000000000000000000010000001000010100000000000000000000100000000000000100010000010010000000010001100000000001000000010001000000000001
0000000000000000000000000000000000010000000000010000000000000000000000100000000000000100000000010000000000000000000000000001000000010001000000000110
0100000000000001000010000000100010000000000100000001100000000001000000000100000000000000001000010101000010000000001000001000000100000001000000000000
0000000000000000000000010000001000010010100000010000001000001000000100100000000010000100000001110000000000010000000000000001000000010001000000000001
0000011000000000000100001001000000110000000000010000000000000000000000110000000001000100000000010010000000000000000000000001000000010001000000000110
0000000000000000000000010000001000010010100000010000001000001000000100100000000010000100000001110000000000010000000000000001000000010001000000000001
0000100000000000000000100000000000010000000000010100000000000000000000100000000000000100010000010010000000000000000000000011000000010001000000000110
0000000000000000000000010000001000010010000000010000000000001100000000100000000010000100000001110000000000010000000000000001000000010001000000000001
0100000000000001000010000000100010000000000100000001100000000001000000000100000000000000001000010101001010000000001000001000000100000001000000000000
0000100000000000000000100000000000010000000000010100000000000000000000100000000000000100010000010010000000000000000000000011000000010001000000000110
0000000000001000000001000000000000001000000000000000010000000000000000000010000000001001100000000000000100001010000001010000001000001110100111000000
0100000000000001000010000000100010000000000100000001100000000001000000000100000000000000001000010101000010100000001000001000000100000001000000000000
0000000000001000000001000000000000001000000000000000010000000000000000000010000000001001100000000000000100001010000001010000001000001110100111000000
0100000000000001000010000000100010000000000100000001100000000001000000000100000000000000001000010101000010000000001000001000000100000001000000000000
0000000000000000000000010000001000010010000000010000000000001100000000100000000010000100000001110000000000010000000000000001000000010001000000000001
0000000000000000001000000000001000010000000000110000000000001000000000100000000010000100000000110000000000010000000000000001000000010001000000001001
0000000000000000000000010000001000010010000000010000000000001100000000100000000010000100000001110000000000010000000000000001000000010001000000000001
0001000001000000000000010000001000010010000000010000000000101000000000100000000010000100000011110000000000010000000000000001000000010001000000000001
0000000000000000001000000000001000010000000000110000000000001000000000100000000010000100000000110000000000010000000000000001000000010001000000001001
0000100000000000000000100000000000010000000000010100000000000000000000100000000000000100010000010010000000000000000000000011000000010001000000000110
0000100000000000000000000000000000010000000000010100000000000000000000100000000000010100010000010010000000000000000000000001000000010001000000000110
0000000100000000000000000100000000010000010000010000000000000000000000100000000000000100000000010000000000000000000000000001000000110001001000000110
0100000000000001000010000000100010000000000100000001100000000001000000000100000000000000001000010101000010000000001000001000000100000001000000000000
0000000000000001000010000000100000000000000100000001100000000001000000000100000100000010000000010101000010000000001000001000000100000001000000000000
0010000000000000000000000000000100010000000000010000000000000000000000100000000000000100000000010000000000000000000000000001000000010001000000000110
0000100000000000000000000000000000010000001000010100000000000000000000100000000000000100010000010010000000000000000000000011000000010001000000000110
0000000000001000000001000000000000001000000000000000010000000000000000000010000000001001100000000000000100001010000001010000001000001110100111000000
0010000000000000000000000000000100010000000000010000000000000000000000100000000000000100000000010000000000000000000000000001000000010001000000000110
0000000000000000000000010000001000010010100000010010001001001000000000100001000010000100000001110000000000010000000000000001000000010001000000000001
0000100000000000000000100000000000010000000000010100000000000000010000100000000000000100010000010010000000000000000000000011010000010001000000000110
0000100000000000000000000000010000010000000000010100000000000000000000100000000000000100010000010010000000000000000000000011000000010001000000000110
1000000000000000100000000000000000001000000000001000000000000000000011000000000000100001100000000000000001001100000100010000001000001100000001000000
0000000010000000000000010000001000010010000000010000000000001000000000100000000010000100000001110000000000010000000010000001100000010001000000000001
1000000000010010100000000000000001001000000000001000000000000000000001000000001000100001100000000000010001001100010100010000001000001100010001000000
0000000000000000000000010000001000010010000000010000000000101000001000100000000010000100000011110000000000010000000000000001000000010001000000000001
0000000000000000000000000000000000010000000000010000000000000000000000101000000000000100000000010000000000000000000000000001000000010001000000000110
0100000000000001000010000000100010000000000100000001100000000001000000000100000000000000001000010101000010000000001000001000000100000001000000000000
0000000000000000000000000000000000010000000000010000000000000000000000101000000000000100000000010000000000000000000000000001000000010001000000000110
0100000000000001000010000000100010000000000100000001100000000001000000000100000000000000001000010101000010000000001000001000000100000001000000000000
0000100000000000000000000000000000010000000000010100000000000000000000100000000000010100010000010010000000000000000000000001000000010001000000000110
0000000000000000000000000000000000001000000000000000000000000000000000000010010000000001100000001000000000001000000001010000001000001100000001010000
0000100000000000010000000000010000010000000000010100000000000000000000100000000000000100010000010010000000000000000000000011000000010001000000000110
0000000000000000000000010000001000010010000000010000000000001100000000100000000010000100000001110000000000010000000000000001000000010001000000000001
0100000000000001000010000000100010000000000100000001100000000001000000000100000000000000001000010101000010000000001000001000000100000001000000000000
