ms 100 1 -t 40 -r 20  [3.2rc Build:162]
0x2892fa532b163618

//
segsites: 198
positions: 0.00850 0.00969 0.01145 0.01474 0.02340 0.03285 0.03459 0.04395 0.04436 0.04674 0.04725 0.04923 0.05859 0.06085 0.07134 0.08299 0.08963 0.09082 0.10070 0.10340 0.10411 0.10680 0.10690 0.11207 0.11291 0.11329 0.11555 0.12062 0.12234 0.13312 0.14184 0.14338 0.15374 0.15582 0.15740 0.17720 0.18126 0.18128 0.18995 0.19044 0.20535 0.20537 0.20664 0.22154 0.22441 0.23207 0.23540 0.23728 0.23886 0.24101 0.24867 0.27399 0.27882 0.28171 0.28431 0.28455 0.29001 0.29226 0.30227 0.30569 0.31198 0.31467 0.32259 0.32835 0.32866 0.32888 0.32971 0.33253 0.34197 0.34371 0.35006 0.35210 0.35854 0.36429 0.37072 0.37418 0.38148 0.38339 0.38356 0.39321 0.39362 0.39476 0.40778 0.40884 0.41821 0.43209 0.44219 0.44521 0.46128 0.46326 0.48148 0.48749 0.49744 0.49918 0.50613 0.52968 0.53877 0.55774 0.55838 0.55852 0.56129 0.56905 0.56930 0.57058 0.57357 0.57417 0.58036 0.59192 0.59340 0.60737 0.61461 0.61649 0.62064 0.62101 0.62213 0.63525 0.64192 0.64260 0.64359 0.64521 0.64968 0.65044 0.65246 0.65543 0.65630 0.65729 0.66239 0.66786 0.66892 0.67081 0.68149 0.68179 0.69063 0.71536 0.71609 0.71692 0.71878 0.72414 0.73134 0.73400 0.73608 0.74813 0.75050 0.75313 0.75871 0.76056 0.78409 0.78468 0.78702 0.78928 0.79050 0.79395 0.79702 0.81794 0.82545 0.83364 0.83643 0.83766 0.84026 0.84049 0.84906 0.84994 0.85322 0.86111 0.86407 0.86492 0.86899 0.87035 0.88588 0.88893 0.89407 0.89481 0.89758 0.90611 0.90676 0.90889 0.90967 0.91336 0.91615 0.92411 0.92674 0.92680 0.93114 0.94165 0.94534 0.94965 0.96112 0.96178 0.96998 0.97017 0.97380 0.97510 0.98144 0.98180 0.98333 0.98902 0.99146 0.99734 
000001000001011000000000000000010010000000000000000000001000000000000001000100001110010010000000000000011000000000010010010110101010010000000000000010000000001101001000000000001000011100000100000000
000000000000000000000000000100000000000011000001001100000000001000000000000100000000101100100000001000001000000000010000010110101000000100001000000010000001110010000101000110010001010100100010010000
000000010000000000000100100000000000001000010100100000000000100000000001000100000000000000000000000000111000000000010000010110101010001000000000000000001100000101001101000110010001010100100010010000
000001001001000000000000000000010010100000000000000000001000100000000001000100000000000000000000000000011000000010010000010111101010010000000000000010000000000101001000000000001000011100000010110000
000000000010000101100000000001100000000000001000000000000010000000010100100000000000000000000000010000001000000000010000010110101000000100001000000010000001110010100101010110010001010100100010010000
000000000010000101100000000001100000000000001000000000000010000000010100100000000000000000000000010000001000010000010000010110101000000100011000010010000001110010000101000110010001010100100010010000
000000000010000101100000000001100000000000001000000000000010000000010100100000000000000000000000010000001000000000010000010110101000000110001000000010000001110010100101000110010001010100100010010000
000001000001011000000000000000010010000000000000000000001000000000000001000100001110010010000000000000011000000000010000010110101010010000000000000010000000000101001000000000001000011100000100000000
000000000000000000001100000000000000001000010100100000000000000100000001010100100000000010000000000000001000000000010000010110101000010000000000000010000001110010000111000110010001010100100010010000
000001000001000100100000000000000000000000001000000000000010000000010000000000000000000000000000000010000000000001000000010110101001000000000000000100100000000101001000000000001000000000000000000000
000001000001000010000000000000010010000000000000000000001000000000000001000100001010010010000000000000011000000000010101000000010000000001000000001000000001110010000101000110010001010100100001000000
000000010000000000000100000000000000001000010100100000000000000000001001000100000000000000000000000000011000101000010000010110101010000000011000000010000001110010000101000110010001010100100010010000
000000000000000000001100000000000000001000010100100000000000000000000001000100000000000000000000000000011000100000011000010110101010000000000000100000000010000101011000101001001010011100010000000010
000000000010000101100000000001100000000000001000000000000010000000010100100000000000000000000000010000001000010000010000010110101000000100011000010010000001110010000101000110010001010100100010010000
000000000000000000000100000000000000000000000000000000001000000000000001000100001110010010000000000000011000000000010000010110101010000100001000000010000001110010000101000110010101010100100010010000
000001000001000010000000000000010010000000000000000000001000000000000001000100001010010010000000000000001000100000010000010110101010000000000000100000000010000101011000101001001010011100010000000010
000001001001000000000000000000010010100000000000000000001000100000000001000100000000000000000000000000011000000010010000010111101010010000000000000010000000000101001000000000001000011100000010110000
000001000001011000000000000000010010000000000000000000001000000000000001000100001110010010000000000000011000000000010000010110101010010000000000000010000000000101001000000000001000011100000100000000
000001000001011000000000000000010010000000000000000000001000000000000001000100001010010010000000000000001000000000010000010110101000010000000000000010000001110010000111000110010001010100100010010000
000001000001000100100000000000000000000000000100100000000000000000000001000100000000000000000010000000011000100000010000010110101010000000000100100000000010000101011000101001001010011100010000000010
000000010000000000000100000000000000001000010100100000000000000000001001000100000000000000000000000000011000101000010000010110101010000000011000000010000001110010000101000110010001010100100010010000
000000010000000000000100100000000000000000001000000000000010000000010100100000000000000000000000010000001000010000010000010110101000000100011000010010000001110010000101000110010001010100100001000000
000001000001000010000000000000010010000100000000000000001000000000000001000100001010010010000000000000011000000000010101000000010000000000000000001000000000000101001000000000001001010100100010010000
000000000000000000011100000000000000001000010100100000000000000100000001010100100000000010000000000000001000000000010000010110101000010000000000000010000001110010000111000110010001010100100010010000
000000000010000101100000000001100000000000001000000000000010000000010100100000000001000000000000010000001000000000010000010110101000000100001000000010010001110010100101000110010001010100100010010000
000001001001000000000000000000010010100000000000000000001000100000000001000100000000000000000000000000011000000010010000010111101010010000000000000010000000000101001000000000001000011100000010110000
000110000010000000000000000000000001000000001010000000000001010000000010000000000000000001010000000000001100000000010100000000010000000000000000001000000000000101001000000000001000011100000000000000
000000010000000000000100100000000000000000001000000000000010000000010100100000000000000000000000010000001000010000010000010110101000000100011000010010000001110010000101000110010001010100100001000000
000001000001000010000000000000010010000000000000000000001000000000000001000101011010010010000000000000011000000000010101000000010000000000000000001000000000000101001000000001001010011100010000000010
000000000010000101100000000001100000000000001000000000000010000000010100100000000000000000000000010000001000010000010000010110101000000100011000010010000001110010000101000110010001010100100010010000
000001000001000100100000000000000000000000001000000000000010000000010000000000000000000000000000000010000000000001000000010110101001000000000000000100100000000101001000000000001000000000000000000000
000000000000000000001100000000000000001000010100100000000000000000100001000100000000000000000000000000011000100000010000010110101010100000000000100000000010000101011000101001001010011100010000000010
000001000001000010000000000000010010000000000000000000001000000000000001000100001010010010000000100000011000000000010101000000010000000000000000001000000000000101001000000000001001010100100010010000
000001001001000000000000000000010010100000000000000000001000100000000001000100000000000000000000000000011000000000010000010110101010001000000000000000001100000101001101000110010001010100100010011000
000001000001000010000000000000010010000000000000010000001000000000000001000100001010010010000000000000011000000000010101100000010000000000100000001001000001110010000101000110010001010100100010010000
000000000010000101100000000001100000000000001000000000000010000000010100100000000000000000000000010000001000010000010000010110101000000100011000010010000001110010000101000110010001010100100010010000
000001000001000010000000000000010010000000000000000000001000000000000001000100001010010010000000000000001010000000010000010110101000000100001000000010000001110010000101000110010001010100100001000000
000000010000000000000100100000000000001000010100100000000000100000000001000100000000000000000000000000111000000000010000010110101010001000000000000000001100000101001101000110010001010100100010010000
000000010000000000000100100000000000001000010100100000000000100000000001000100000000000000000000000000011000000000010000010110101010010000000000000010000000000101001000000000001000011111001000000000
000000000010000101100000000001100000000000001000000000000010000000010100100000000001000000000000010000001000000000010000010110101000000100001000000010010001110010100101000110010001010100100010010000
000000000100000000000100000010000000001000010100100000000000000000000001000100000000000000000000010000001000000000010000010110101000000100001000000010000001110010000101000110010001010100100001000000
000000000000000000000000000100000000000011000001000100000000001000000000000100000000101000100000001000001000000000010000010110101000000100001000000010000001110010000101000110010001010100100010010000
000001000001000010000000000000010010000100000000000000001000000000000001000100001010010010000000000000011000000000010101000000010000000000000000001000000000000101001000000000001001010100100010010000
000001000001000010000000000000010010000000000000000000001000000000000001000100001010010010000000000100011000000000010101000000010000000000000000001000000000000101001000000000001001010100100010010000
000000010000000000000100000000000000001000010100100001000000000001001001000100000000000000000000000000011000100000010000010110101010000000011000000010000001110010000101000110010001010100100010010000
000110000010000000000000000000000001000000001010000000000001010000000010000000000000000001010000000000001100000000010100000000010000000000000000001000000000000101001000000000001000011100000000000000
000000000010000101100000000001100000000000001000000000000010000000010100100000000000000000000000010000001000000000010000010110101000000100001000000010000001110010100101010110010001010100100010010001
000001000001000010000000000000010010000000000000000000001000000000000001000100001010010010000000000000001010000000010000010110101000000100001000000010000001110010000101000110010001010100100001000000
000000000010000101100000000001100000000000001000000000000010000000010100100000000000000000001000010000001000000100010000010110101000000100011000010010000001110010000101000110010001010100100001000000
000000000010000101100000000001100000000000001000000000000010000000010100100000000000000000000000010000001000000000010000010110101000000100001001000010000001110010100101000110010001010100100010010000
000000000010000101100000000001100000000000001000000000000010000000010100100000000000000000001000010000001000000100010000010110101000000100011000010010000001110010000101000110010001010100100001000000
000000000000000000001100000000000000001000010100100010000000000100000001010100100000000010000000000000001000000000010000010110101000010000000000000010000001110010000111000110010001010100100010010000
010100000010000000000001001000000110000000000000000000011000000100000001000100100000000010000000000000001000000000010000010110101000010000000000000010000001110010000111000110010001010100100010010000
000000000010000101100000000001100000000000001000000000000010000000010100100000000000000000000000010000001000000000010000010110101000000100001000000010000001110010100101000110010001010100100010010000
000001000001011000000000000000010010000000000000000000001000000000000001000100001110010010000000000000011000000000010000010110101010010000000000000010000000001101001000000000001000011100000100000000
000000000000000000000000000100000000000011000001001100000000001000000000000100000000101100100000001000001000000000010000010110101000000100001000000010000001110010000101000110010001010100100010010000
000001000001000010000000000000010010000000000000000000001000000000000001000100001010010010000000000000001010000000010000010110101000000100001000000010000001110010000101000110010001010100100001000000
000000000000000000001100000000000000001000010100100000000000000000100001000100000000000000000000000000011000100000010000010110101010100000000000100000000010000101011000101001001010011100010000000010
000000010000000000000100000000000000001000010100100000000000000000001001000100000000000000000000000000011000101000010000010110101010000000011000000010000001110010000101000110010001010100100010010000
000000000000000000000100000000000000001000010100100000000000000000000001000100000000000000000000000000011000100000010000010110101010000000000000100000000010000101011000101001001010011100010000000010
000000000010000101100000000001100000000000001000000000000010000000010100100000000000000000000000010000001000000000010000010110101000000100001001000010000001110010100101000110010001010100100010010000
000000010000100000000100110000000000001000010100100000000100100000000001001100000000000000000000000000111001000000110000010110101010001000000000000000001100000101001000100000101000111100000000000110
000000010000000000000100100000000000001000010100100000000000100000000001000100000000000000000000000000111000000000010000010110101010001000000000000000001100000101001101000110010001010100100010010000
000001000001000010000000000000010010000000000000000000001000000000000001000100001010010010000000000000001010000000010000010110101000000100001000000010000001110010000101000110010001010100100001000000
000001000001000010000000000000010010000000000000000000001000000000000001000100001010010010000000000000001010000000010000010110101000000100001000000010000001110010000101000110010001010100100001000000
000001000001000010000000000000010010000100000000000000001000000000000001000100001010010010000000000000011000000000010101000000010000000000000000001000000000000101001000000000001001010100100010010000
000000000010000101100000000001100000000000001000000000000010000000010100100000000000000000000000010000001000000000010000011110101000000100001000000010000001110010100101010110010001010100100010010000
000001000001000010000000000000010010000000100000000000001000000000000001000100001010010010000000000000001010000000010000010110101000000100001000000010000001110010000101000110010001010100100001000000
100000100000000000000110000000001000011000010000100000100000000000000001000110000000000000000101000000011000000000010000010110101110010000011000000010000001110010000101000110010001010100100010010000
000001000001000010000000000000010010000000000000010000001000000000000001000100001010010010000000000000011000000000010101100000010000000000100000001001000001110010000101000110010001010100100010010000
000000010000000000000100100000000000001000010100100000000000100000000001000100000000000000000000000000111000000000010000010110101010001000000000000000001100000101001101000110010001010100100010010000
000001000001011000000000000000010010000000000000000000001000000000000001000100001110010010000000000000011000000000010000010110101010010000000000000010000000001101001000000000001000011100000100000000
010100000010000000000001001000000110000000000000000000011000000100000001000100100000000010000000000000001000000000010000010110101000010000000000000010000001110010000111000110010001010100100010010000
000000000000000000001100000000000000001000010100100000000000000000000001000100000000000000000000000000011000100000010000010110101010000000000000100000000010000101011000101001001010011100010000000010
000000000000000000001100000000000000001000010100100000000000000100000001010100100000000010000000000000001000000000010000010110101000010000000000000010000001110010000111000110010001010100100010010000
000001000001000010000000000000010010000000000000000000001000000000000001000100001010010010000000100000011000000000010101000000010000000000000000001000000000000101001000000000001001010100100010010000
000000000010000101100000000001100000000000001000000000000010000000010100100000000000000000000000010000001000000000010000010110101000000100001000000010000001110010100101010110010001010100100010010000
000001000001000010000000000000010010000000000000000000001000000000000001000100001010010010000000000000001010000000010000010110101000000100001000000010000001110010000101000110010001010100100001000000
000000000000000000000100000000000000000000000000000000001000000000000001000100001110010010000000000000011000000000010000010110101010000100001000000010000001110010000101000110010101010100100010010000
000000010000000000000100100000000000001000010100100000000000100000000001000100000000000000000000000000111000000000010000010110101010001000000000000000001100000101001101000110010001010100100010010000
000000000010000101100000000001100000000000001000000000000010000000010100100000000000000000000000010000001000000000010000010110101000000100001001000010000001110010100101000110010001010100100010010000
010100000010000000000001001000000110000000000000000000011000000100000001000100100000000010000000000000001000000000010000010110101000010000000000000010000001110010000111000110010001010100100010010000
000000000000000000000100000000000000001000010100100000000000000000000001000100000000000000000000000000011000100000010000010110101010000000000000100000000010000101011000000000001001010100100010010000
000001000001010000000000000000010010000000000000000000001000000000000001000100001110010010000000000000011000000000010000010110101010010000000000000010000000000101001000000000001000011100000000000000
000000000000000000001100000000000000001000010100100000000000000000100001000100000000000000000000000000011000100000010000010110101010100000000000100000000010000101011000101001001010011100010000000010
001000000000000000001100000000000000001000010100100000000000000000000001000100000000000000000000000000011000100000010000010110101010000000000000100000000010000101011000101001001010011100010000000010
000001000001000010000000000000010010000000000000000000001000000000000001000101011010010010000000000000011000000000010101000000010000000000000000001000000000000101001000000001001010011100010000000010
000001000001000010000000000000010010000000000000000000001000000000000001000100001010010010000000000000001000100000010000010110101010000000000000100000000010000101011000101001001010011100010000000010
000001000001010000000000000000010010000000000000000000001000000010000001000100001110010010000000000000011000000000010000010110101010010000000000000010000000000101001000000000001000011100000000000000
000001000001000010000000000000010010000000000000000000001000000000000001000100001010010010000000000000001010000000010000010110101000000100001010000010000001110010000101000110010001010100100001000000
000001000001000010000000000000010010000000000000000000001000000000000001000100001010010010000000000000001010000000010000010110101000000100001000000010000001110010000101000110010001010100100001000000
000001000001000100100000000000000000000000001000000000000010000000010000000000000000000000000000000010000000000001000000010110101001000000000000000100100000000101001000000000001000000000000000000000
000000000010000101100000000001100000000000001000000000000010000000010100100000000000000000000000010000001000010000010000010110101000000100011000010010000001110010000101000110010001010100100010010000
000001000001011000000000000000010010000000000000000000001000000000000001000100001110010010000000000000011000000000010010010110101010010000000000000010000000001101001000000000001000011100000100000000
000000010000000000000100100000000000001000010100100000000000100000000001000100000000000000000000000000011000000000010000010110101010010000000000000010000000000101001000000000001000011111001000000000
000000010000000000000100100000000000001000010100100000000000100000000001000100000000000000000000000000011000000000010000010110101010010000000000000010000000000101001000000000001000011111001000000000
000000000010000101100000000001100000000000001000000000000010000000010100100000000000000000000000010000001000000000010000010110101000000100001000000010000001110010100101000110010001010100100010010000
000001000001000010000000000000010010000000000000000000001000000000000001000100001010010010000000000001011000000000010101000000010000000000000000000010000001110010000101000110010001010100100010010000
000000000010000101100000000001100000000000001000000000000010000000010100100000000000000000000000010000001000000000010000010110101000000100001000000010000001110010100101010110010001010100100010010000
000001000001000100100000000000000000000000001000000000000010000000010000000000000000000000000000000010000000000001000000010110101001000000000000000100100000000101001000000000001000000000000000000000

