ms 100 1 -t 40 -r 0  [3.2rc Build:162]
0x9e0dc8467d97a8f2

//
segsites: 280
positions: 0.00863 0.00866 0.01177 0.01385 0.01907 0.01917 0.02002 0.02220 0.02411 0.02967 0.03056 0.03648 0.03903 0.04532 0.04623 0.04702 0.05165 0.05416 0.05438 0.05945 0.05955 0.05964 0.06837 0.06851 0.07359 0.07631 0.07760 0.07814 0.08031 0.08190 0.08593 0.09358 0.09823 0.11797 0.11906 0.12242 0.12281 0.12707 0.12977 0.13416 0.13742 0.14197 0.14299 0.14783 0.15305 0.16578 0.16621 0.16653 0.17277 0.17428 0.17684 0.17740 0.17944 0.18111 0.18733 0.18900 0.19150 0.19735 0.20141 0.20721 0.20722 0.21468 0.22010 0.22124 0.22361 0.22363 0.23011 0.23314 0.23449 0.23970 0.24239 0.24877 0.25229 0.25755 0.25904 0.26600 0.26678 0.27134 0.27155 0.27398 0.27526 0.28023 0.28328 0.28661 0.28896 0.29296 0.29395 0.29534 0.29849 0.30639 0.31137 0.31469 0.31628 0.31764 0.32157 0.32518 0.32566 0.33176 0.33189 0.33943 0.34095 0.34385 0.36383 0.36608 0.37110 0.37184 0.37820 0.37847 0.37875 0.38027 0.38818 0.39235 0.39270 0.39410 0.39515 0.39603 0.40480 0.40483 0.40738 0.40935 0.42325 0.42666 0.43021 0.43028 0.43399 0.43624 0.44036 0.44559 0.45178 0.45204 0.45491 0.46215 0.46512 0.46596 0.46719 0.47233 0.48390 0.48400 0.48668 0.49365 0.49657 0.49912 0.50196 0.50631 0.50835 0.51848 0.51849 0.52097 0.52434 0.52907 0.53663 0.53918 0.54081 0.54239 0.54350 0.54904 0.55622 0.55832 0.56021 0.56208 0.57151 0.57279 0.57479 0.57484 0.58057 0.58252 0.58331 0.58551 0.58747 0.59166 0.60764 0.60813 0.60926 0.61301 0.61371 0.62045 0.62576 0.62649 0.64186 0.64693 0.64772 0.65069 0.65125 0.65595 0.65615 0.65725 0.66647 0.67121 0.67235 0.67496 0.69254 0.69785 0.69795 0.69965 0.70008 0.70166 0.70272 0.70661 0.70847 0.71197 0.71446 0.71449 0.71479 0.71696 0.71739 0.71773 0.72038 0.72585 0.72926 0.72938 0.72966 0.73117 0.73155 0.73608 0.73674 0.74815 0.74827 0.74837 0.75340 0.75361 0.75572 0.76218 0.76354 0.76577 0.76642 0.77443 0.78588 0.78767 0.79099 0.79621 0.80094 0.80795 0.80797 0.82326 0.82629 0.82881 0.83145 0.83901 0.84799 0.84816 0.85117 0.85155 0.85460 0.85938 0.86229 0.86471 0.87643 0.87718 0.88344 0.89294 0.90247 0.90643 0.91146 0.91649 0.92170 0.92320 0.93029 0.93288 0.93329 0.93514 0.95152 0.95156 0.95819 0.96019 0.96558 0.96810 0.96886 0.97058 0.97065 0.97190 0.97653 0.97774 0.97939 0.98263 0.98388 0.98730 0.98935 0.99013 0.99406 0.99948 
0000011010001100101000101000000010100010001000000001000100000000011000101000100000110010001001000000000010000000000001010010000000001000101000010110000110001100101010000010000001000001000000000000100000101001010000010100010000000010000000001000000100101000001000000100100101000101
0000011010001100101000101000000010100010001000001001000100000000011000101000101000110010001001000000001010000000000001010010000000001000101000010110000110001100101010000010000001000001000000000000100000101001010000010100010000000010000000001000000100101100001000000100100101000000
0010001010000001101000001000000100000000001010000001000100100100011000100000100000100011001001100000100000000000101001010110000000001100100010000100000010001000001011000010000001000100000000000000100010001001011000010000010000000000000000011000100100000000000000001100010110000000
0010001010000010101000001000001000000000001001000101001100001000011100100000100000100011101001000000110000000000000101010011000000011100100000100100000010001010001010000010001001010000010000010001100010011001011010010000010000000000000000001000010101000000000000000100000110001000
0011001110000000101000001000000100000000001000000001010100110100011000100000100000100011001001100000100000000000100001010110000000101100100010000100000010001000001010000010000101000100000000000000100010001001011000010000010000000000000000001000100100000000000000000100000110000000
0010001010000000101000001000000000000000001001000101000100000000011000100000100000100011101001000000110000000000000101010011000100001100100000100100000010001010001110000010001001010000010100010001100010001001011010010010010000000000000000001000010101000000000000000100000110001000
0000011010001100101000001000000010100100001000000001000110000000011000101000100000100010001001000000000110000000000001010010000000001000101000000110000110001100001010000010000011100001000000000000100000101001010000010100010000000000000000001000000100101000000000000100000101000000
0010001010000000101000001000010000000000001001000101000100000000011000100000100000100011101001000100110000000000000101010011000100001100100000100100000010001010001010000010001001010000010000110011100010001001011010010000010000000000000001001100010101000000000000000100000110101000
0010001010000010101000001000001000000000001001000101001100001000011100100000100000100011101001000000110000000000000101010011000000011100100000100100000010001010001010000010001001010000010000010001100010001001011010010000010000000000000000001000010101000000000000000100000110001000
0010001011000000101000001000000000000000001001000101000100001000011000100000100000100011101001000000110000000000000101010011000000011100100000100100000010001010001010000010001001010000010000010001100010001001011110010000010000000000000000001001010101000000000000100100000110011000
0010001010000000101000001000000100000000001000000001000100100100011000100000100000100011001001100000100000000000100001010110000000001100100010000100000010001000001010000010010001000100000000000000100010001001011000010000010000000000000000011000100100010001000000000100000110000000
0000011010001100101000001000000010100000001000000001000110000000011000101000100000100010001001000000000110000000000001010010000010001000101000000110000110001100001010000010000001100001000000000000100000101001010000010100010000000000000000001000000100101000000000000100000101000000
0000011010001100101000101000000010100010001000000001000100000000011000101000100000110010001001000000000010000000000001010010000000001000101000010110000110001100101010000010000001000001000000000000100000101001010000010100010000000010000000001000000100101000001000000100100101000101
0010001010000000101000001000000100000000001000000001000100100100011000100000100000100011001001100000100000000000100001010110000000001100100010000100000010001000001010000010000001000100000000000000100010001001011000010000010000000000000000011000100100010001000000000100000110000000
0010001010000010101000001000001000000000001001000101001100001000011100100000100000100011101001000000110000000000000101010011000000011100100000100100000010001010001010000010001001010000010000010001100010001001011010010000010000000000000000001000010101000000000000000100000110001000
0010001010000000101000001000010000000000001001000101000100000000011000100000100000100011101001000000110000000000000101010011000100001100100000100100000010001010001010000010001001010000010000010011100010001001011010010000010000000000000001001100010101000000000000000100000110101000
0000011010001100101000001000000010100100001000000001000110000000011000101000100000100010001001000000000110000000000001010010000000001000101000000110000110001100001010000010000011100001000000000000100000101001010000010100010000000000000000001000000100101000000000010100000101000000
0011001110000000101000001000000100000000001000000001010100110100011000100000100000100011001001100000100000000000100001010110000000101100100010000100000010001000001010000010000101001100000000000000100010001001011000010000010000000000000000001000100100000000000000000100000110000000
0000011010001100101000001000000010100100001000000001000110000000011000101000100000100010001001000000000110000000000001010010000000001000101000000110000110001100001010000010000011100001000000000000100000101001010000010100010000000000000000001000000100101000000000000100000101000000
0000111010001100111000001010000010101000001000000001000100000000011000101000100000100010001001000000000110000000000001010010001000001000101000000110000110001100001010001010000001000001000000000000100000101001010000010101010000000000001100001000000100101000000000000100000101000000
0011001110000000101000001000000100000000001000000001010100110100011000100000100100100011001011100000100000100000100001010110000000101100100010000100000010001000001010000010000101000100000000000000100010001001011000010000110000000000000000001000100100000000000000000100000110000000
0010001010000000101000001000010000000000001001000101000100000000011000100000100000100011101001000000110000000000000101010011000100001100100000100100000010001010001010000010001001010000010000110011100010001001011010010000010000000000000001001100010101000000000000000100000110101000
0010001010000000101000001000010000000000001001000101000100000000011000100000100000100011101001000010110000000000000101010011000100001100100000100100000010001010001010000010001001010000010000010001100010001001011010010000010000000000000001001100010101000000000000000101000110101000
0010001010000000101000001000010000000000001001000101000100000000011000100000100000100011101001000000110000000000000101010011000100001100100000100100000010001010001010000010001001010000010000110011100010001001011010010000010000000000000001001100010101000000000000000100000110101000
0010001010000001101000011000000100000000001010000001000100100100011000100000100000100011001001100000100000000100101001010110000000001100100010000100000010001000001010000010000001000110000000000000100010001001011000010000010000000000000000011000100100000000000000000100010110000000
0000011010001100101000101000000010100010001000000001000100000000011000101000100000110010001001000000000010000000000001010010000000001000101000010110000110001100101010000010000001000001000000000000100000101001010000010100010000000010000000001000000100101100001000000100100101000000
0010001010000000101000001000000100000000001000000001000100100100011000100000100000100011001001100000100000000000100001010110000000001100100010000100000010001000001010000010000001000100000000000000100010001001011000010000010000000000000000011000100100000000000000000100000110000000
0010001010000010101000001000001000000000001001000101001100001000011100100000100000100011101001000000110000000000000101010011000000011100100000100100000010001010001010000010001001010000010000010001100010001001011010010000010000000000000000001000010101000000000000000100000110001000
0000011010001100101000001010000010101000001000000001000100000000011000101000100000100010001001000001000110000000000001010010000000001010101000000110001110001100001010001010000001000001000000000000100000101001010000010101010000000000000100001000000100101000000000000100000101000000
0010001010000000101000001000010000000000001001000101000100000000011000100000100000100011101001000000110000000000000101010011000100001100100000100100010011001010001010010010001001010000010000010001110010001001011010010000010000000000000000001000011101000000000000000100000110001000
0010001010000001101000001000000100000000001000000001000100100100111000100000100000100011001001100000100000000000100001010110000000001100100010000100000010001000001010000010000001000100000000000000100010001001011000010000010000000000000000011000100100000000000000000100000110000000
0000011010001100101000001000000010100100001000000001000110000000011000101000100000100010001001000000000110000000000001010010000000001000101000000110000110001100001010000010000011100001000000000000100000101001010000010100010000000000000000001000000100101000000000000100000101000000
0010001010000000101000001000010000000000001001000101000100000000011000100000100000100011101001000000110000000000000101010011000100001100100000100100000010001011001010000010001001010000010000010001100010001001011010010000010000100000000001001100010101000000000000000100000110101000
0010001010000000101000001000010000000000001001000101000100000000011000100000100000100011101001000000110000000000000101010011000100001100100000100100000010001010001010000010001001010000010000110011100010001001011010010000010000000000000001001100010101000000000000000100000110101000
0010001010000000101000001000000100000000001000000001000100100100011000100000100000100011001001100000100000000000100001010110000000001100100010000100000010001000001010000010000001000100000000000000100010001001011000011000010000000000000000011010100100000000000000000100000110000000
0000011010001100101000101000000010100010001000000001000100000000011000101000100000110010001001000000000010000000000001010010000000001000101000010110000110001100101010000010000001000001000000000000100000101001010000010100010000000010000000001000000100101000001000000100100101000101
0000011010001100101000001010000010101000001000000001000100000000011000101000100000100010001001000000000110000000000001010010000000001010101000000110001110001100001010001010000001000001000000000000100000101001010000010101010000000000000100001000000100101000000000000100000101000000
0000011010001100101000001000000010100000001000000001000110000000011000101000100000100010001001000000000110000000000001010010000010001000101000000110000110001100001010000010000001100001000000000000100000101001010000010100010000000000000000001000000100101000000000000100000101000000
0010001010000001101000001000000100000000001000000001000100100100111000100000100000100011001001100000100000000000100001010110000000001100100010000100000010001000001010000010000001000100000000000000100010001001011000010000010000000000000000011000100100000000000000000100000110000000
0000011010001100101000001000000010100100001000000001000110000000011000101000100000100010001001000000000110000000000001010010000000001000101000000110000110001100001010000010000011100001001000000000100000101001010000010100010000000000000000001000000100101000000000000100000101000000
0010001010000000101000001000010000000000001001000101000100000000011000100000100000100011111101000000110000000000000101010011000100001100100000100100010011001010001010010010001001010000010000010001110010001001011010010000010000000000000000001000011101000000000000000100000110001000
0000011010001100101000101000000010100010001000000001000100000000011000101000100000110010001001000000000010000000000001010010000000001000101000010110000110001100101010000010000001000001000000000000100000101001010000010100010000000010000000001000000100101000001000000100100101000100
0010001010000000101000001000000100000000001000000001000100100100011000100000100000100011001001100000100000000000100001010110000000001100100010000100000010001000001010000010000001000100000000000000100010001001011000011000010000000000000000011000100100000000000000000100000110000000
1000011010001100101000001010000010101000001000000001000100000000011000101000110000100010001001000000000110000000000001010010000000001010101000000110001110001100001010001010000001000001000000000000100000101001010000010101010000000000000100001000000100101000000000000100000101000000
0010001010000000101000001000000100000000001000000001000100100100011000100000100000100011001001100000100000000000100001010110000000001100100010000100000010001000001010000010000001000100000000000000100010001001011000010000010000000000000000011000100100000000000000000100000110000000
0010001010000001101000011000000100000000001010000001000100100100011000100000100000100011001001100000100000000100101001010110000000001100100010000100000010001000001010000010000001000100000000000000100010001001011000010000010000000000000000011000100100000000000000000100010110000000
0010001010100000101000001000000000000000001001000101000100001000011000100000100000100011101001000000110000000001000101010011000000011100100000100100000010001010011010000010001001010000010000010001100010001001111010010000010000000000000000001000010101000000000000000100000110001000
0010001010100000101000001000000000000000001001000101000100001000011000100000100000100011101001000000110000000001000101010011000000011100100000100100000010001010011010000010001001010000010000010001100010001001111010010000010000000000000000001000010101000000000000000100000110001000
0010001010000001101000011000000100000000001010000001000100100100011000100000100000100011001001100000100000000100101001010110000000001100100010000100000010001000001010000010000001000100000000000000100010001001011000010000010000000000000000011000100100000000000000000100010110000000
0010001010000001101000011000000100000000001010000001000100100100011000100000100000100011001001100000100000000100101001010110000000001100100010000100000010001000001010000010000001000110000000000000100010001001011000010000011000000000000000011000100100000000000010000100010110000000
0010001010000010101000001000001000000000001001000101001100001000011100100000100000100011101001000000110000000000000101010011000000011100100000100100000010001010001010000010001001010000010000010001100010001001011010010000010000000000000000001000010101000000000000000100000110001000
0010001010000000101000001000000100000000001000000001000100100100011000100000100000100011001001100000100000000000100001010110000000001100100010000100000010001000001010000010000001000100000000000000100010001001011000010000010000000000000000011000100100000000000000000100000110000000
0010001010000000101000001000000100000000001000000001000100100100011000100000100000100011001001100000100000000000100001010110000000001100100010000100000010001000001010000010000001000100000000000000100010001001011000010000010000000000000000011000100100000000000000000100000110000000
0000011010001100101000101000000010100010001000000001000100000000011000101000100000110010001001000000000010000000000001010010000000001000101000010110000110001100101010000010000001000001000000000000100000101001010000010100010000000010000000001000000100101100001000000100100101000000
0010001010000000101000001000010000000000001001000101000100000000011000100000100000100011101001000000110000000000000101010011000100001100100000100100000010001010001010000010001001010000010000010001100010001001011010010000010000100000000001001100010101000000000000000100000110101000
0010001010000000101000001000010000000000001001000101000100000000011000100000100000100011101001000000110000000000000101010011000100001100100000100100000010001010001010000010001001010000010000010001100010001001011010010000010001000000000001001100010101000000000000000100000110101000
0010001010000001101000011000000100000000001010000001000100100100011000100000100000100011001001100000100000000100101001010110000000001100100010000100000010001000001010000010000001000110000000000000100010001001011000010000010000000100000000011000100100000000000000000100010110000000
0010001010000000101000001000010000000000001001000101000100000000011000100000100000100011101001000000110000000000000101010011000100001100100000100100000010001010001010000010001001010000010000010001100010001001011010010000010000000000000001001100010101000000000000000100000110101000
0010001010000000101010001000010000000000001001000101000100000000011000100000100000100011101001001000110000000000000101010011000100001100100001100100000010001010001010000010001001010000010000010001100010001001011010010000010000000000000001001100010101000000000000000100000110001000
0010001010000010101000001000001000000000001001000101000100001000011100100000100000100011101001000000110000000000000101010011000000011100100000100100000010001010001010000010001001010000010000010001100010001001011010010000010000000000000000001000010101000000000000000100000110001000
0010001010000010101000001000001000000000001001000101001100001000011100100000100000100011101001000000110000000000000101010011000000011100100000100100000010001010001010000010001001010000010000010001100010001001011010010000010000000000000000001000010101000000000000000100000110001000
0010001010000000101000001000010000000000001001000101000100000000011000100000100000100011101001000000110000000000000101010011000100001100100000100100000010001010001010000010001001010000010000010001100010001001011010010000010000000000000001001100010101000000000000000100000110101000
0100001010001100101100001000000011100000001000100001000101000000011010101000100001100010001001000000000010000000000001110010000000001000101000000110100110101000001010000110000001000001000001000000100000101011010000010100010000010000000000001000000100101000100000000100000101000010
0010001010000000101000001000010000000000001001000101000100000000011000100000100000100011101001000000110000000000000101010011000100001100100000100100000010001010001010000010001001010000010000010001100010001001011010010000010000000000000001001100010101000000000000000100000110101000
0010001010000000101000001000010000000000001001000101000100000000011000100000100000100011101001000000110000000000000101010011000100001100100000100100000010001010001010000010001001010000010000010011100010001001011010010000010000000000000001001100010101000000000000000100000110101000
0000011010001100101000101000000010100000001000000001000100000000011000101000100000110010001001000000000010000000000001010010000000001000101000010110000110001100101010000010000001000001000000000000100000101001010000010100010100000000000000001000000100101000001000000100100101000000
0010001010000000101000001000000100000000001000000001000100100100011000100000100010100011001001100000100000000000100001010110000000001100100010000100000010001000001010000010000001000100000000000000100010001001011000010000010000000000000000011000100100000000000000000100000110000000
0000011010001100101000101000000010100010001000000001000100000000011000101000100000110010001001000000000010000000000001010010000000001000101000010110000110001100101010000010000001000001000000000000100000101001010000010100010000000010000000001000000100101000001000000100100101000100
0010001010000010101000001000001000000000001001000101000100001000011100100000100000100011101001000000110000000000000101010011100000011100100000100100000010001010001010000010001001010000010000010001100010001001011010010000010000000000000000001000010101000000000000000100000110001000
0010001010000000101000001000010000000000001001000101000100000000011000100000100000100011111101000000110000000000000101010011000100001100100000100100010011001010001010010010001001010000010000010001110010001001011010010000010000000000000000001000011101000000000000000100000110001000
0010001010000000101000001000010000000000001001000101000100000000011000100000100000100011101001000010110000000000000101010011000100001100100000100100000010001010001010000010001001010000010000010001100010001001011010010000010000000000000001001100010101000000000000000101000110101000
0010001010000000101000001000010000000000001001000101000100000000011000100000100000100011101001000000110000000000000101010011000100001100100000100100000010001010001010100010001001010000010000010001100010001001011010010000010000000000000001001100010101000000000000000100000110101000
0000011010001100101000001010000010101000001000000001000100000000011000101000100000100010001001000000000110000000000001010010000000001010101000000110001110001100001010001010000001000001000000000000100000101001010000010101010000000000000100001000000100101000000000000100000101000000
0000111010001100111000001110000010101000001000000001000100000000011000101000100000100010001001000000000110000000000001010010001000001000101000000110000110001100001010001010000001000001000000000000100000101001010000010101010000000000001100001000000100101000000000000100000101000000
0000000000010000000001000001100000010001110100010010100000000010000001000111000000001000000000010000000001011010010010001000010001000001010100001001000000000000000000000001100000000000100010000100001000000100000000000000000010001000110010100000000010000000010101000010001000000000
0010001010000010101000001000001000000000001001000101000100001000011100110000100000100011101001000000110000000000000101010011100000011100100000100100000010001010001010000010001001010000010000010001100010001001011010010000010000000000000000001000010101000000000000000100000110001000
0000011010001100101000101000000010100010001000000001000100000000011000101000100000110010001001000000000010000000000001010010000000001000101000010110000110001100101010000010000001000001000000000000100000101001010000010100010000000010000000001000000100101000001000000100100101000100
0010001010000000101000001000000100000000001000000001000100100101011000100000100000100011001001100000100000000000100001010110000000001100100010000100000010011000001010000010000001000100000000000000100010001001011000010000010000000000000000011000100100010001000000000100000110000000
0010001010000000101000001000010000000000001001000101000100000000011000100000100000100011101001000100110000000000000101010011000100001100100000100100000010001010001010000010001001010000010000110011100010001001011010010000010000000000000001001100010101000000000000000100000110101000
0010001010000001101000011000000100000000001010000001000100100100011000100000100000100011001001100000100000000100101001010110000000001100100010000100000010001000001010000010000001000110000000000000100010001001011000010000010000000001000000011000100100000000000000000100010110000000
0010001010000001101000011000000100000000001010000001000100100100011000100000100000100011001001100000100000000100101001010110000000001100100010000100000010001000001010000010000001000100000000000000100010001001011000010000010000000000000000011000100100000000000000000100010110000000
0000011010001100101000001000000010100100001000000001000110000000011000101000100000100010001001000000000110000000000001010010000000001000101000000110000110001100001010000010000011100001000000000000100000101001010000010100010000000000000000001000000100101000000000000100000101000000
0000011010001100101000001000000010100100001000000001000110000000011000101000100000100010001001000000000110000000000001010010000000001000101000000110000110001100001010000010000011100001000000000000100000101001010000010100010000000000000000001000000100101000000000000100000101000000
0010001010000000101000001000010000000000001001000101000100000000011000100000100000100011101001000000110000000000000101010011000100001100100000100100000010001010001010000010001001010000010000110011100010001001011010010000010000000000000001001100010101000000000000000100000110101000
0010001010000000101000001000000100000000001000000001000100100100011000100000100000100011001001100000100000000000100001010110000000001100100010000100000010001000001010000010000001000100000000000000100010001001011000010000010000000000000000011000100100000000000000000100000110000000
0010001010000010101000001000001000000000001001000101001100001000011100100000100000100011101001000000110000000000000101010011000000011100100000100100000010001010001010000010001001010000010000010001100010001001011010010000010000000000000000001000010101000000000000000100000110001000
0011001110000000101000001000000100000000001000000001010100110100011000100000100000100111001001100000100000000000100001010110000000101100100010000100000010001000001010000010000101000100000000000000100010001001011000010000010000000000000000001000100100000000000000000100000110000000
0000011010001100101000101000000010100010001000000001000100000000011000101000100000110010001001000000000010000000000001010010000000001000101000010110000110001100101010000010000001000001000000000000100000101001010000010100010000000010000000001000000100101100001000000100100101000000
0010001010000000101000001000000100000000001000000001000100100100011000100000100000100011001001100000100000000000100001010110000000001100100010000100000010001000001010000010000001000100000000000000100010001001011000010000010000000000000000011000100100000000000000000100000110000000
0010001010000000101000001000010000000000001001000101000100000000011000100000100000100011101001000000110000000000000101010011000100001100100000100100000010001010001010000010001001010000010000110011100010001001011010010000010000000000000001001100010101000010000000000100000110101000
0000011010001100101000001010000010101000001000000001000100000000011000101000100000100010001001000000000110000000000001010010000000001010101000000110001110001100001010001010000001000001000000000000100000101001010000010101010000000000000100001000000100101000000000000100000101000000
0010001010000000101000001000000000000000001001000101000100000000011000100000100000100011101001000000110000000000000101010011000100001100100000100100000010001010001110000010001001010000010100010001100010001001011010010010010000000000000000001000010101000000000000000100000110001000
0010001010000000101000001000010000000000001001000101000100000000011000100000100000100011101001000000110000000000000101010011000100001100100000100100000010001010001010000010001001010000010000010001100010001001011011110000010000000000000001001100010101000000000000000100000110101000
0011001110000000101000001000000100000000001000000001010100110100011000100000100000100011001001100000100000000000100001010110000000101100100010000100000010001000001010000010000101001100000000000000100010001001011000010000010000000000000000001000100100000000000000000100000110000000
0010001010000000101000001000010000000000001001000101000100000000011000100000100000100011101001000000110000000000000101010011000100001100100000100100000010001010001010000010001001010000010000010001100111001001011010010000010000000000000001001100010101000000000000000100000110101000
0000011010001100101000101000000010100000001000000001000100000000011000101000100000110010001001000000000010000000000001010010000000001000101000010110000110001100101010000010000001000001000000000000100000101001010000010100010100000000000000001000000100101000001000000100100101000000
0011001110000000101000001000000100000000001000000001010100110100011000100000100000100011001001100000100000000000100001010110000000101100100010000100000010001000001010000010000101000100000000000000100010001001011000010000010000000000000000001000100100000000000000000100000110000000
0011001110000000101000001000000100000000001000000001010100110100011000100000100000100011001001100000100000000000100001010110000000101100100010000100000010001000001010000010000101001100000000000000100010001001011000010000010000000000000000001000100100000000000000000100000110000000
0010001010000010101000001000001000000000001001000101001100001000011100100000100000100011101001000000110000000000000101010011000000011100100000100100000010001010001010000010001001010000010000011001100010001001011010010000010000000000000000001000010101000000000000000100000110001000
0010001010000000101000001000010000000000001001000101000100000000011000100000100000100011101001000000110000000000000101010011000100001100100000100100000010001010001010000010001001010000010000110011100010001001011010010000010000000000000001001100010101000000000000000100000110101000

