ms 100 1 -t 40 -r 40  [3.2rc Build:162]
0xf299fa122fd21e58

//
segsites: 203
positions: 0.00089 0.00526 0.01081 0.01654 0.02675 0.02779 0.02795 0.03041 0.03082 0.03316 0.04464 0.04827 0.05033 0.06124 0.06199 0.08335 0.08381 0.08430 0.08665 0.08852 0.09755 0.10122 0.10364 0.10663 0.11675 0.11809 0.11901 0.12223 0.14154 0.14394 0.15202 0.15434 0.16045 0.17042 0.17289 0.17329 0.17585 0.17929 0.18978 0.19652 0.19818 0.20282 0.20617 0.20620 0.20727 0.20747 0.21982 0.22088 0.22185 0.22443 0.23714 0.24603 0.24933 0.26113 0.26394 0.27386 0.28517 0.28720 0.29737 0.30587 0.31033 0.31070 0.31916 0.32741 0.32871 0.33594 0.34824 0.35844 0.36424 0.37077 0.37318 0.37977 0.38046 0.38090 0.39409 0.39883 0.40409 0.40424 0.40732 0.41196 0.41465 0.41664 0.42071 0.42333 0.43276 0.43863 0.44753 0.44898 0.45102 0.45107 0.45124 0.45607 0.45772 0.46174 0.46389 0.47341 0.48156 0.48662 0.49183 0.49639 0.49739 0.50348 0.50421 0.51928 0.51969 0.52097 0.52805 0.52907 0.54664 0.55762 0.56115 0.56834 0.57247 0.57259 0.57372 0.58246 0.58493 0.58916 0.59218 0.59272 0.59378 0.59606 0.59798 0.60655 0.61511 0.62114 0.63094 0.63337 0.63608 0.64114 0.64472 0.64573 0.64613 0.64684 0.64989 0.65850 0.65980 0.67667 0.68868 0.68972 0.69110 0.69242 0.69245 0.70802 0.71303 0.71364 0.72037 0.72362 0.73063 0.74019 0.74033 0.74282 0.75320 0.75605 0.76597 0.76846 0.78305 0.79081 0.79401 0.80345 0.81757 0.82024 0.82125 0.82461 0.82518 0.82692 0.82781 0.83031 0.83328 0.83499 0.84384 0.84507 0.85010 0.85728 0.86834 0.88624 0.88827 0.88962 0.89202 0.89370 0.90475 0.90801 0.91369 0.91763 0.92194 0.92245 0.93137 0.93613 0.93955 0.94307 0.95640 0.96374 0.96712 0.96942 0.97069 0.97338 0.97357 0.97381 0.97740 0.98046 0.98343 0.99712 0.99755 
00100000000000000000000000000010001010000000001000000000000001101000000001000100001000001000000001000010100000000010000011110000000101000001000001000000000010100000011010000000000000110000000000000001000
00010000010000000010000100100000001010000000011000000000110000000000000001000100000000001000000000011000010000001000100010110000000101000001000001000000000010100000010100000000000000100000010000000000000
00100000000000000000000000000010001010000000001000000000000001101000000001101000110000110101000001000000100000000010000000110100000101000000000110000000010001000101000001000000011000100000010000000000000
00000000000000000000000001000000000000000100000000000000000000000110001111000100000000001000000000000000100000100010000000110100000101000000000001000100010001000101000001000000011000100000010000000000000
01100000000000000000000000001100000000100001000000000000000000100000000001000100000000001000000001000010100000000010000011110000000101000001000001010000000010100000011010000000000000110000000000000001000
00000000000000000000000000000010001010000100000000000000000000000100001001000100000000001000000000000000100010001000110000000010000000111000000110000000000010100000011010000000000000100010000000000000011
01100000000000000000000010001000000000100001000000000000000000100000001010101000110000110101000001000000100000000010000000110100000101000000000110000000010001000101000001000000011000100000010000000000000
00000000000100000000000000000010011010000000101000000000000000000100001001000100000000001000000001000000100000000011000000110000000101000001010001000001010001000101000001000000000000100000000011000001000
00100000000000000000000000000010001010000000001000000000000001101000000001101000110000110101000001000000100000000010000000110100000101000000000110000000010001000101000001000000011000100000010000000000000
00010000010000000010000100100000001010000000011000000000110000000000000001000100000000001000000000011000010000001000100010110000000101000001000001000000000010100000010000000000000000100010100000000000011
00000000000011000001001001000000100000000100000000000000000000000100001010101000110000110101000000011000010110001000100000000010000000111000000110000000101100100000100001000000000100000000000000000010000
01100000000000000000000000001100000000100001000000000001000000100000000001000100000000001000000001000010100000000010000011110000000101000001000001000000000010100000011010000000000000110000000000000001000
00100010000000000000000000000000000000000100000000000000000000000110001111000100000000001000000011000000100000000010000000110000001101000001000001100000000010100000010000000000000000100010000000000000011
00000100000000000000000000000010001010000100000000000000000000000100001001000100000000001000000000000000100010001000110000000010000000111000000110000000000010100101000001000000011000100000010000000000000
00100000000000000000000000000010001010000000001000000000000001101000000001101000110000110101000001000100100000000010000000110100000101000000000110000000010001000101000001000000011000100000010000000000000
00100000000000000000000000000010001010000000001000000000000001101000000001101000110000110101000001000000100000000010000000110100000101000000000110000000010001000101000001000000011000100000010000000000000
00010000010000100010000100100010001010000100000000000000000000000100001001000100000000001000000000000000100010001000100000001010000000111100000110000000100100100000100001010000000100000000000000000000000
00100000000010000001001001000000000000000100000000000000000000000110001111000100000000001000000011000000100000000010000000110000001101000001001001100000000010100000010000000000000000100010000000000000011
00100000000000000000000000001000000000110001000000000100000000100000010001000100000000001000010101000000100000000010000000110100000101000000000110000000010001000101000001000000011000100000010001000100100
00100000000000000000000000000010001010000000001000000000000001101000000001101000110000110101000001000000100000000010000000110100000101000000000110000000010001000101000001000000011000100000010000000000000
00010000010000000010000100100000000000100001000000000000000000100000000001000100000100001000000001000010100000000010000011110000000101000001000001000000000010100000011010000000000000110000000000000001000
10000000000010000001001001000000000000000100000000000000000000000110101111000100000000001000100001000000100000000010000000110010000000111001000001000000000010100000010000000011000000100000000000000000000
00000000000000000000000001000000000000000100000000000000000000000110001111000100000000001000000000000000100000100010000000110100000101000000000001000100010001000101000001000000011000100000010000000000000
01100000000000000000000000001000000000100001000000000000000000100000001010101000110000110101000001000000100000000010000000110100000101000000000110000000010010100000010000000000000010100000000000000000000
00010000010000000010000100100000001010000000011000000000110000000000000001000100000000001000000000011000010000001000100010110000000101000001000001000000000010100000010000000000000000100010100000000000011
00100000000000001100000000001000000000101001000000000000001000000110001111000100000000001000000011000000100001000010000000110000001101000001000001000000000010100000010000000000000000100010000000000000011
00000000100000000000000001000000000000000100000000000000000000000110001111000100000000001000100001000000100000000010000000110010000000111001000001000000000010100000010000000011000000100000000000000000000
00010000010000000010000100100000001010000000011000000000110000000000000001000100000000001000000000011000010000001000100010110000000101000001000001000000000010100000010100000000000000100000000000000000000
00001000000000000000000000000011001110000110000000000000000100000100001001000100000000001000000000000000100000000010000000110000001101000001000001000000000010100010010000000000000000100010000000000000011
00100000001000000000010000001000000000100001000000000000000010000100001001000100000000001000000000011000010000001000100000000010000000111000000110000000000010100000010000000000000000100000000000000000000
00000000000000000000000000000010001010000100000000000000000000000100001001000100000000001000000000000000100010001000100000000010000000111001000001000000000010100000010000000000000000100010100000000000011
00100000000000000000000000001000000000100001000000000100000000100000010001000100000000001000010101000000100000000110000000110100000101000000000110000000010001000101000001000000011001100000010001000100100
00000000000000000000000000000010001010000100000000000000000000000100001001000100000000001000000000000000100010001000100000000010000000111000000110000000000010100101000001000000100100001000000000001000000
00010000010000000010000100100000001010000000011000000000110000000000000001000100000000001000000000011000010000001000100010110000000101000001000001000000000010100000010000000000000000110000000000000001000
00010000010000000010000100100000001010000000011000010000110000000000000001000100000000001000000000011000010000001000100000110100000101000000000110000000010001000101000001001000000100001000000000001000000
01100000000000000000000000001000000000100001000000000000000000100000001010101000110000110101000001000000100000000010000000110100000101000000000110000000010010100000010000000000000010100000000000000000000
00100000000000000000000000000010001010000000001000000000000001101000000001101000110000110101000001000000100000000010000000110100000101000000000110000000010001000101000001000000011000100000010000000000000
00010000010000000010000100101000000000100001000000000000000000100000000001000100000011001000000001000001101000000010000010110000000101000001000001000000000010100000010000100000000100000000000000000000000
00000000000000000000000000000010001010000000001000000000000000100000000001000101000000001000000101100000100000000010000000110000000111000001010001000001010001010000010000100000000000100001000100000000000
10000000000010000001001001000000000000000100000000000000000000000110101111000100000000001000100001000000100000000010000000110010000000111001000001000000000010100000010000000011000000100000000000000000000
00100010000000000000000000000000000000000100000000000000000000000100001001000100000000001000000000000000100010001000100000000010000000111000000110000000000010100101000001000000000100001000000000001000000
01100000000000000000100000001100001010000000001000000000000001101000000001101000110000110101000001000000100000000010000000110100000101000000000110000000010001000101000001000000000100001000000000001000000
00100000000000000000000000000000000000000100000000100000000000000110001111000100000000001000000011000000100000000010000000110000001101000001000001100000000010100000010000000000000000100010000000000000011
00100000000000000000000000000010001010000000001000000000000001101000000001101000110000110101000001000000100000000010000000110100000101000000000110000000010001000101000001000000011000100000010000000000000
00000000000000000000000001000000000000000100000000000000000000000110001111010100000000001000000000000000100000100010000000110100000101000000000001000000000010100000010000000011000000100000000000000000000
00100000000000000000000000000000000000000100000000000000000000000110001111000100000000001000000011000000100000000010000000110000001101000001000001100000000010100000010000000000000000100010000000000000011
00010000010000000010000100100000000000100001000000000000000000100000000001000100000100001000000001000010100000000010000011110000000101000001000001000000000010100000011010000000000000110000000000000001000
10000000000010000001001001000000000000000100000000000000000000000110001111000100000000001000100001000000100000000010000000110010000000111001000001000000000010100000010000000011000000100000000000000000000
00000000000000000000000000000010001010000100000000000000000000000100001001000100000000001000000000000000100010001000100000000010100000111001000001000000000010100000010000000000000000100010100000000000011
01100000000000000000000000001000000000100001000000000000000000100000000001000100000010001000000001000000100000000010000010110000000101000001000001000000000010101000010000100000000000100001001100000000000
00100000000000000000000000000010001010000000001000000000000001101000000001101000110000110101000001000000100000000010000000110100000101000000000110000000010001000101000001000000011000100000010000000000000
01100000000000000000000000001000000000000100000000000000000000000100001001000100000000001000000000000000100000100010000000110100000101000010000001000100010001000101000001000000011000100000010000000000000
00000000000000000000000001000000000000000100000000000000000000000110001111000100000000001000000000000000100000100010000000110100000101000000000001000100010100100000100001010000000100000000000000000000000
00000000000000000000000000000010001010000100000000000000000000000100001001000100000000001000000000000000100010001000100000000010000000111001000001000000000010100000010000000000000000100010100000000000011
00010000010000000010000100100000001010000000011000000000110000000000000001000100000000001000000000011000010000001000100010110000000101000001000001000000000010100000010100000000000000100000000000000000000
00000000000000000000000000001100000000100001000000000000000000100000000001000100000000001000000001000010100000000010000011110000000101000001000001000000010001000101000001000000011000100000010000000000000
00000000000100000000000000000010011010000000101000000000000000000100001010101000110000110101000001000000100000000010000000110100000101000000000110000000010001000101000001000000011000100000010000000000000
01100000000000000000100000001100001010000000001000000000000001101000000001101000110000110101000001000000100000000010000000110100000101000000000110000000010001000101000001000000000100001000000000001000000
10000000000010000001001001000000000000000100000000000000000000000110001111000100000000001000100001000000100000000010000000110010000000111001000001000000000010100000010000000011000000100000000000000000000
10000000000010000001001001000000000000000100000000000000000000000110001111000100000000001000100001000000100000000010000000110010000000111001000001000000000010100000010000000011000000100000000000000000000
00100000000000000000000000000010001010000000001000000000000001101000000001101000110000110101000001000100100000000010000000110100000101000000000110000010010001000101000001000000011000100000010000000000000
00001000000000000000000000000011001110000110000000000000000100000100001001000100000000001010000000000000100010001000100000000010000000111000000110000000000010100101000001000000000100001000000000001000000
00010000010000000010000100100000001010000000011000000000110000000000000001000100000000001000000000011000010000001000100010110000000101000001000001000000000010100000010000000000000000100000000000000000000
00010000010000000010000100100000001010000000011010000000110000000000000001000100000000001000000000011000010000001000100010110000000101000001000001001000000010100000010000000000000000100000000000000000000
00100000000000000000000000000010001010000000001000000000000001101000000001101000110000110101000001000000100000000010000000110100000101000000000110000000010001000101000001000000000100000000000000000010000
01100000000000000000000000001000000000100001000000000000000000100000001010101000110000110101000001000000100000000010000000110100000101000000000110000000010001000101000001000000011000100000010000000000000
00100010000000000000000000000000000000000100000000000000000000000110001111000100000000001000000011000000100000000010000000110000001101000001000001100000000010100000010000000000000000100010000000000000011
01100000000000000000000000001100000000100001000000000001000000100000000001000100000000001000000001000010100000000010000111110000000101000001000001000000000010100000011010000000000000110000000000000001000
00010000010000000010000100100010001010000100000000000000000000000100001001000100000000001000000000000000100010001000100000001010000000111000000110000000100100100000010000000000000000100010000000000000011
00000000000010000001001001000000000000000100000000000000000000000110001111000100000000001000000011000000100000000010000000110000001101000001100001100000010001000101000001000000011000100000010000000000000
00100000000000000000000000000000000000000100000000100000000000000110001111000100000000001000000011000000100000000010000000110000001101000001000001100000000010100000010000000000000000100010000000000000011
00010000010000000010000100100000001010000000011000000000110000000000000001000100000000001000000000011000010000001000100010110000000101000001000001000000000010100000010000000000000000100010100000000000011
00100000000000000000000000000010001010000000001100000000000000100000000001000100000011001000000001000001101000000010000010110000000101000001000001000000000010100000010000100000000100000000000000000000000
00000000000000000000000000000010001010000100000000000000000000000100001001000100000000001000000000000000100010001000110000000010000000111000000110000000000010100101000001000000000100001000000000011000000
00010000010000000010000100100000001010000000011000010000110000000000000001000100000000001000000000011000010000001000100010110000000100111000000110000000100100100000100001000000000100000000000000000000000
00000001000100000000000000000010011010000000101000000000000000000100001010101000110000110101000001000000100000000010000000110100000101000000000110000000010001000101000001000000011000100000010000000000000
00000000000000010000000000000010011010000000101000000010000000000000000001000110000000001000000000011000010000001000100010110001010101000001000001001000000010100000010000000000000000100000000000100000000
00001000000000000000000000000011001110000110000000000000000100000100001001000100000000001000000000000000100010011000100000000010000000111000000110000000000010100101000001000000000100001000000000001000000
00100000001000000000010000011000000000100001000000001000000010010100001010101000110000110101000001000000100000000011000000110000000101000001010001000001010001000101000001000000000000100000000011000001000
00000000000010000001001001000000000001000100000000000000000000100000000001000100000000001000000000000000100000000010000000110100001101000001000001100000000010100000010000000000000000100010000000000000011
00010000010000000010000100100000001010000000011000010000110000000000000001000100000000001000000000011000010000001000100010110000000100111000000110000000100100100000100001000000000100000000000000000000000
01100000000000000000000000001000000000100001000000000000000000100000000001000100000000110101000001000000100000000010000000110100000101000000000110000000010001000101000001000000011000100000010000000000000
00100000000000000000000000000010001010000000001000000000000001101000000001101000110000110101000001000100100000000010000000110100000101000000000110000000010001000101000001000000011000100000010000000000000
00000000000000010000000000000010011010000000101000000010000000000000000001000100000000001000001000011000010000001000100000000010000000111000000110000000100100100000100001010100000100000100000000000000000
01100000000000000000000000001000000000100001000000000000000000100001000001000100000010001000000001000000100000000010000010110000000101000001000001000000000010100000010000100000000000100001000100000000000
00010000010000000010000100100000000000100001000000000000000000100000000001000100000100001000000001000010100000000010000011110000000101000001000001000000000010100000011010000000000000110000000000000001000
00000000000011000001001001000000100000000100000000000000000000000100001010101000110000110101000000011000010110001000100000000010000000111000000110000000101100100000100001000000000100000000000000000010000
00100000000000000000000000000000000000000100000000100000000000000110001111000100000000001000000011000000100000000010000000110000001101000001000001100000000010100000010000000000000000100010000000000000011
00000000000000000000000001000000000000000100000000000000000000000110001111010100000000001000000000000000100000100010000000110100000101000000000001000000000010100000010000000011000000100000000000000000000
00000000000000010000000000000010011010000000101000000010000000000000000001000100000000001000001000011000010000001000100000000010000000111000000110000000100100100000100001010100000100000100000000000000000
00000100000000000000000000000010001010000100000000000000000000000100001001000100000000001000000000000000100010001000110000000010000000111000000110000000000010100101000001000000000100001000000000001000000
10000000000010000001001001000000000000000100000000000000000000000110001111000100000000001000100001000000100000000010000000110010000000111001000001000000000010100000010000000011000000100000000000000000000
00010000010000000010000100101000000000100001000000000000000000100000000001000100000011001000000001000001101000000010001010110000000101000001000001000000000010100000010000100000000000100010100000000000011
00100000000000001100000000001000000000101001000000000000001000000110001111000100000000001000000011000000100001000010000000110000001101000001000001000000000010100000010000000000000000100010000000000000011
00100010000000000000000000000000000000000100000000000000000000000110001111000100000000001000000011000000100000000010000000110000001101000001000001100000000010100000010000000000000000100010000000000000011
00010000010000000010000100100000001010000000011001000000110000000000000001000100000000001000000000011000010000001000100010110000000101000001000001000000000010100000010000100000000100000000000000000000000
01100000000000000000000000001000000000100001000000000000000000100000001010101000110000110101000001000000100000000010000000110100000101000000000110000000010001000101000001000000011000100000010000000000000
00100000000000000000000000000010001010000000001000000000000000100000000001000100000011001000000001000001101000000010000010110000000101000001000001000000000010100000010000100000000100000000000000000000000
00000000000000000000000001000000000000000100000000000000000000000110001111000100000000001000000000000000100000100010000000110100000101000000000001000100010001000101000001000000011000100000010000000000000
01100000000000000000000000001000000000100001000000000000000000100001000001000100000010001000000001000000100000000010000010110000000101000001000001000000000010100000010000100000000000100001000100000000000

